Watching PID 2552906 page references grow, output every 0.2 seconds...
Est(s)     RSS(MB)    PSS(MB)    Ref(MB)
0.217       648.08     645.67     351.82
0.440       713.89     708.97     420.80
0.665       713.89     708.75     420.80
0.894       713.89     708.53     421.27
1.133       713.89     708.12     421.60
1.366       713.89     707.90     421.60
1.588       713.89     707.69     421.60
1.808       713.89     707.47     421.60
2.029       713.89     707.25     421.61
2.254       713.89     707.03     421.61
2.478       713.89     706.84     421.61
2.701       713.89     706.62     421.61
2.924       713.89     706.34     421.61
3.147       713.89     705.97     421.61
3.370       713.89     705.75     421.61
3.591       713.89     705.56     421.61
3.810       713.89     705.34     421.61
4.029       713.89     705.12     421.61
4.249       713.89     704.91     421.61
4.468       713.89     704.69     421.61
4.686       713.89     704.50     421.61
4.909       713.89     702.35     421.62
5.136       713.89     698.90     421.62
5.363       713.89     688.56     421.62
5.587       713.89     686.33     421.62
5.806       713.89     668.38     421.62
6.033       713.89     662.68     421.62
6.264       713.89     661.11     421.62
6.488       713.89     660.55     421.62
6.708       713.89     660.20     421.62
6.929       713.89     659.93     421.62
7.151       713.89     659.51     421.62
7.374       713.89     659.24     421.62
7.594       713.89     658.98     421.62
7.810       713.89     658.71     421.62
8.027       713.89     658.48     421.62
8.244       713.89     658.24     421.62
8.461       713.89     657.98     421.62
8.677       713.89     657.74     421.62
8.894       713.89     657.48     421.62
9.112       713.89     657.21     421.62
9.331       713.89     656.98     421.62
9.549       713.89     656.49     421.62
9.765       713.89     656.26     421.62
9.981       713.89     655.99     421.62
10.198      713.89     655.73     421.62
10.415      713.89     655.49     421.62
10.632      713.89     655.25     421.62
10.851      713.89     654.99     421.62
11.076      713.89     654.72     421.62
11.301      713.89     654.46     421.62
11.523      713.89     654.19     421.62
11.744      713.89     653.83     421.62
11.965      713.89     653.13     421.62
12.189      713.89     652.54     421.62
12.410      713.89     652.13     421.62
12.629      713.89     651.73     421.62
12.846      713.89     651.50     421.62
13.062      713.89     651.23     421.62
13.279      713.89     650.97     421.62
13.496      713.89     650.70     421.62
13.713      713.89     650.47     421.62
13.929      713.89     650.23     421.62
14.146      713.89     649.96     421.62
14.363      713.89     649.70     421.62
14.579      713.89     649.26     421.62
14.798      713.89     649.04     421.62
15.020      713.89     648.86     421.62
15.241      713.89     648.64     421.62
15.462      713.89     648.42     421.62
15.682      713.89     648.20     421.62
15.900      713.89     647.98     421.62
16.117      713.89     647.76     421.62
16.334      713.89     647.58     421.62
16.552      713.89     647.36     421.62
16.769      713.89     647.14     421.62
16.985      713.89     646.70     421.62
17.202      713.89     646.43     421.62
17.420      713.89     646.24     421.62
17.639      713.89     646.02     421.62
17.867      713.89     645.80     421.62
18.102      713.89     645.58     421.62
18.330      713.89     645.26     421.62
18.552      713.89     645.08     421.62
18.772      713.89     644.86     421.62
18.991      713.89     644.32     421.62
19.210      713.89     644.04     421.62
19.429      713.89     643.77     421.62
19.647      713.89     643.52     421.62
19.866      713.89     643.30     421.62
20.087      713.89     643.08     421.62
20.309      713.89     642.86     421.62
20.530      713.89     642.64     421.62
20.749      713.89     642.42     421.62
20.968      713.89     642.20     421.62
21.187      713.89     641.98     421.62
21.408      713.89     641.54     421.62
21.627      713.89     641.26     421.62
21.847      713.89     641.00     421.62
22.067      713.89     640.71     421.62
22.287      713.89     640.49     421.62
22.507      713.89     640.27     421.62
22.729      713.89     639.92     421.62
22.949      713.89     639.42     421.62
23.169      713.89     639.23     421.62
23.389      713.89     638.55     421.62
23.607      713.89     637.87     421.62
23.825      713.89     637.41     421.62
24.043      713.89     637.14     421.62
24.261      713.89     636.94     421.62
24.481      713.89     636.67     421.62
24.700      713.89     636.44     421.62
24.919      713.89     636.22     421.62
25.139      713.89     635.96     421.62
25.359      713.89     635.65     421.62
25.578      713.89     635.41     421.62
25.796      713.89     635.14     421.62
26.019      713.89     634.90     421.62
26.246      713.89     634.46     421.62
26.469      713.89     634.15     421.62
26.690      713.89     633.96     421.62
26.910      713.89     633.74     421.62
27.130      713.89     633.52     421.62
27.349      713.89     633.20     421.62
27.568      713.89     632.98     421.62
27.787      713.89     632.79     421.62
28.005      713.89     632.58     421.62
28.225      713.89     632.36     421.62
28.445      713.89     631.92     421.62
28.664      713.89     631.70     421.62
28.883      713.89     631.51     421.62
29.101      713.89     631.19     421.62
29.319      713.89     630.92     421.62
29.535      713.89     630.60     421.62
29.752      713.89     630.33     421.62
29.971      713.89     630.07     421.62
30.191      713.89     629.87     421.62
30.412      713.89     629.65     421.62
30.632      713.89     629.43     421.62
30.850      713.89     628.94     421.62
31.069      713.89     628.72     421.62
31.288      713.89     628.53     421.62
31.507      713.89     628.09     421.62
31.726      713.89     627.87     421.62
31.944      713.89     627.02     421.62
32.162      713.89     626.73     421.62
32.382      713.89     626.54     421.62
32.602      713.89     626.33     421.62
32.821      713.89     625.78     421.62
33.038      713.89     625.40     421.62
33.256      713.89     624.92     421.62
33.475      713.89     624.67     421.62
33.693      713.89     624.41     421.62
33.911      713.89     624.19     421.62
34.130      713.89     623.91     421.62
34.348      713.89     623.60     421.62
34.565      713.89     623.37     421.62
34.783      713.89     623.18     421.62
35.002      713.89     622.95     421.62
35.222      713.89     622.73     421.62
35.443      713.89     622.51     421.62
35.663      713.89     622.03     421.62
35.882      713.89     621.80     421.62
36.100      713.89     621.53     421.62
36.318      713.89     621.26     421.62
36.537      713.89     620.98     421.62
36.755      713.89     620.71     421.62
36.973      713.89     620.52     421.62
37.191      713.89     620.16     421.62
37.411      713.89     619.94     421.62
37.631      713.89     619.72     421.62
37.850      713.89     619.50     421.62
38.070      713.89     619.10     421.62
38.292      713.89     618.88     421.62
38.513      713.89     618.65     421.62
38.733      713.89     618.43     421.62
38.952      713.89     618.21     421.62
39.171      713.89     617.95     421.62
39.390      713.89     617.70     421.62
39.608      713.89     617.44     421.62
39.827      713.89     616.95     421.62
40.046      713.89     616.67     421.62
40.266      713.89     615.82     421.62
40.485      713.89     615.13     421.62
40.704      713.89     614.91     421.62
40.923      713.89     614.69     421.62
41.143      713.89     614.47     421.62
41.363      713.89     614.25     421.62
41.584      713.89     614.07     421.62
41.804      713.89     613.85     421.62
42.022      713.89     613.46     421.62
42.244      713.89     613.24     421.62
42.468      713.89     613.02     421.62
42.689      713.89     612.62     421.62
42.909      713.89     612.39     421.62
43.130      713.89     612.17     421.62
43.350      713.89     611.95     421.62
43.573      713.89     611.68     421.62
43.800      713.89     611.46     421.62
44.025      713.89     611.26     421.62
44.248      713.89     611.01     421.62
44.469      713.89     610.74     421.62
44.689      713.89     610.52     421.62
44.909      713.89     610.08     421.62
45.129      713.89     609.79     421.62
45.348      713.89     609.57     421.62
45.569      713.89     609.35     421.62
45.789      713.89     609.12     421.62
46.009      713.89     608.87     421.62
46.230      713.89     608.68     421.62
46.460      713.89     608.46     421.68
46.695      713.89     608.24     421.68
46.921      713.89     607.64     421.68
47.140      713.89     607.26     421.68
47.361      713.89     607.08     421.68
47.583      713.89     606.86     421.68
47.803      713.89     606.64     421.68
48.023      713.89     606.38     421.68
48.243      713.89     606.15     421.68
48.464      713.89     605.93     421.68
48.684      713.89     605.74     421.68
48.905      713.89     605.52     421.68
49.126      713.89     605.09     421.68
49.349      713.89     604.87     421.68
49.571      713.89     604.54     421.68
49.791      713.89     604.32     421.68
50.013      713.89     604.09     421.68
50.236      713.89     603.78     421.68
50.455      713.89     602.77     421.68
50.674      713.89     602.19     421.68
50.892      713.89     601.97     421.68
51.111      713.89     601.75     421.68
51.331      713.89     601.16     421.68
51.552      713.89     600.85     421.68
51.773      713.89     600.62     421.68
51.992      713.89     600.34     421.68
52.211      713.89     600.05     421.68
52.431      713.89     599.80     421.68
52.651      713.89     599.59     421.68
52.869      713.89     599.21     421.68
53.087      713.89     598.98     421.68
53.308      713.89     598.79     421.68
53.527      713.89     598.42     421.68
53.747      713.89     597.94     421.68
53.968      713.89     597.72     421.68
54.188      713.89     597.44     421.68
54.407      713.89     597.16     421.68
54.626      713.89     596.93     421.68
54.847      713.89     596.71     421.68
55.068      713.89     596.48     421.68
55.290      713.89     596.23     421.68
55.510      713.89     595.90     421.68
55.730      713.89     595.61     421.68
55.951      713.89     595.17     421.68
56.171      713.89     594.64     421.68
56.390      713.89     593.96     421.68
56.609      713.89     593.74     421.68
56.828      713.89     593.52     421.68
57.046      713.89     593.10     421.68
57.265      713.89     592.64     421.68
57.484      713.89     592.41     421.68
57.703      713.89     592.19     421.68
57.923      713.89     591.96     421.68
58.141      713.89     591.64     421.68
58.361      713.89     591.19     421.68
58.581      713.89     590.97     421.68
58.800      713.89     590.66     421.68
59.018      713.89     590.32     421.68
59.235      713.89     589.99     421.68
59.452      713.89     589.71     421.68
59.670      713.89     589.49     421.68
59.888      713.89     589.12     421.68
60.105      713.89     588.89     421.68
60.324      713.89     588.62     421.68
60.542      713.89     588.25     421.27
60.760      713.89     587.81     421.27
60.978      713.89     587.52     421.27
61.197      713.89     587.25     421.27
61.417      713.89     587.04     421.27
61.637      713.89     586.27     421.27
61.854      713.89     585.48     421.27
62.072      713.89     585.25     421.27
62.291      713.89     585.00     421.27
62.510      713.89     584.74     421.27
62.729      713.89     584.38     421.27
62.947      713.89     584.15     421.27
63.165      713.89     583.93     421.27
63.386      713.89     583.45     421.27
63.605      713.89     583.10     421.27
63.823      713.89     582.87     421.27
64.041      713.89     582.56     421.27
64.259      713.89     582.23     421.27
64.478      713.89     582.02     421.27
64.697      713.89     581.79     421.27
64.915      713.89     581.56     421.27
65.133      713.89     581.19     421.27
65.352      713.89     580.96     421.27
65.571      713.89     580.65     421.27
65.788      713.89     579.80     421.27
66.005      713.89     579.22     421.27
66.222      713.89     578.81     421.27
66.442      713.89     578.56     421.27
66.661      713.89     577.89     421.27
66.879      713.89     577.53     421.27
67.097      713.89     577.32     421.27
67.316      713.89     577.10     421.27
67.536      713.89     576.85     421.27
67.755      713.89     576.52     421.27
67.972      713.89     576.24     421.27
68.189      713.89     575.74     421.27
68.407      713.89     575.46     421.27
68.625      713.89     575.20     421.27
68.844      713.89     574.98     421.27
69.061      713.89     574.60     421.27
69.278      713.89     574.37     421.27
69.496      713.89     574.15     421.27
69.715      713.89     573.88     421.27
69.933      713.89     573.61     421.27
70.151      713.89     573.06     421.27
70.370      713.89     572.71     421.27
70.589      713.89     572.43     421.27
70.806      713.89     571.20     421.27
71.023      713.89     570.98     421.27
71.242      713.89     570.77     421.27
71.461      713.89     570.50     421.27
71.680      713.89     570.13     421.27
71.897      713.89     569.91     421.27
72.114      713.89     569.59     421.27
72.332      713.89     569.32     421.27
72.550      713.89     569.09     421.27
72.767      713.89     568.72     421.27
72.984      713.89     568.47     421.27
73.201      713.89     568.15     421.27
73.421      713.89     567.71     421.27
73.640      713.89     567.45     421.27
73.860      713.89     567.25     421.27
74.080      713.89     567.04     421.27
74.301      713.89     566.82     421.27
74.522      713.89     566.39     421.27
74.744      713.89     566.17     421.27
74.965      713.89     565.95     421.27
75.188      713.89     565.77     421.27
75.410      713.89     565.38     421.27
75.631      713.89     564.91     421.27
75.850      713.89     564.66     421.27
76.070      713.89     564.40     421.27
76.290      713.89     564.15     421.27
76.511      713.89     563.93     421.27
76.732      713.89     563.71     421.27
76.950      713.89     562.87     421.27
77.167      713.89     562.10     421.27
77.385      713.89     561.82     421.27
77.603      713.89     561.48     421.27
77.820      713.89     561.15     421.27
78.037      713.89     560.67     421.27
78.256      713.89     560.45     421.27
78.478      713.89     560.10     421.27
78.699      713.89     559.67     421.27
78.918      713.89     559.06     421.27
79.136      713.89     558.59     421.27
79.355      713.89     557.56     421.27
79.572      713.89     557.23     421.27
79.790      713.89     557.05     421.27
80.008      713.89     556.67     421.27
80.226      713.89     556.40     421.27
80.444      713.89     555.96     421.27
80.664      713.89     555.74     421.27
80.884      713.89     555.44     421.27
81.102      713.89     555.08     421.27
81.320      713.89     554.86     421.27
81.539      713.89     554.54     421.27
81.758      713.89     554.30     421.27
81.976      713.89     554.08     421.27
82.196      713.89     553.86     421.27
82.415      713.89     553.48     421.27
82.632      713.89     552.93     421.27
82.849      713.89     552.46     421.27
83.067      713.89     551.35     421.27
83.284      713.89     551.15     421.27
83.503      713.89     550.90     421.27
83.720      713.89     550.39     421.27
83.938      713.89     550.17     421.27
84.156      713.89     549.91     421.27
84.373      713.89     549.52     421.27
84.591      713.89     549.30     421.27
84.808      713.89     548.97     421.27
85.025      713.89     548.75     421.27
85.244      713.89     548.48     421.27
85.463      713.89     548.08     421.27
85.683      713.89     547.81     421.27
85.901      713.89     547.39     421.27
86.118      713.89     547.03     421.27
86.335      713.89     546.35     421.27
86.553      713.89     545.88     421.27
86.771      713.89     545.66     421.27
86.988      713.89     544.95     421.27
87.207      713.89     544.73     421.27
87.426      713.89     544.20     421.27
87.645      713.89     543.88     421.27
87.862      713.89     543.52     421.27
88.080      713.89     543.11     421.27
88.300      713.89     542.88     421.27
88.519      713.89     542.41     421.27
88.737      713.89     542.18     421.27
88.954      713.89     541.89     421.27
89.172      713.89     541.62     421.27
89.390      713.89     541.40     421.27
89.609      713.89     541.18     421.27
89.828      713.89     540.79     421.27
90.045      713.89     540.36     421.27
90.263      713.89     539.59     421.27
90.481      713.89     538.49     421.27
90.699      713.89     538.22     421.27
90.916      713.89     537.86     421.27
91.133      713.89     537.59     421.27
91.351      713.89     537.23     421.27
91.569      713.89     536.97     421.27
91.788      713.89     536.75     421.27
92.007      713.89     536.54     421.27
92.227      713.89     536.32     421.27
92.448      713.89     536.10     421.27
92.669      713.89     535.91     421.27
92.888      713.89     535.68     421.27
93.107      713.89     535.14     421.27
93.327      713.89     534.92     421.27
93.546      713.89     534.63     421.27
93.766      713.89     534.41     421.27
93.984      713.89     533.92     421.27
94.202      713.89     533.65     421.27
94.420      713.89     533.06     421.27
94.637      713.89     532.04     421.27
94.855      713.89     531.70     421.27
95.072      713.89     531.24     421.27
95.290      713.89     530.97     421.27
95.510      713.89     530.54     421.27
95.730      713.89     530.28     421.27
95.949      713.89     529.98     421.27
96.168      713.89     529.56     421.27
96.387      713.89     529.32     421.27
96.606      713.89     528.96     421.27
96.824      713.89     528.74     421.27
97.043      713.89     528.47     421.27
97.261      713.89     527.70     421.27
97.479      713.89     526.79     421.27
97.697      713.89     526.40     421.27
97.914      713.89     525.78     421.27
98.132      713.89     525.44     421.27
98.350      713.89     525.16     421.27
98.567      713.89     524.78     421.27
98.785      713.89     524.42     421.27
99.002      713.89     524.18     421.27
99.221      713.89     523.96     421.27
99.440      713.89     523.44     421.27
99.657      713.89     523.07     421.27
99.875      713.89     522.25     421.27
100.093     713.89     521.99     421.27
100.315     713.89     521.74     421.27
100.536     713.89     521.00     421.27
100.756     713.89     520.62     421.27
100.973     713.89     520.30     421.27
101.191     713.89     520.02     421.27
101.410     713.89     519.59     421.27
101.629     713.89     519.37     421.27
101.847     713.89     518.97     421.27
102.065     713.89     518.70     421.27
102.283     713.89     518.14     421.27
102.502     713.89     517.88     421.27
102.720     713.89     517.65     421.27
102.939     713.89     517.14     421.27
103.159     713.89     516.92     421.27
103.380     713.89     516.70     421.27
103.599     713.89     516.31     421.27
103.818     713.89     515.35     421.27
104.038     713.89     514.89     421.27
104.262     713.89     514.59     421.27
104.483     713.89     514.20     421.27
104.702     713.89     513.93     421.27
104.920     713.89     513.61     421.27
105.139     713.89     513.35     421.27
105.358     713.89     512.83     421.27
105.576     713.89     512.50     421.27
105.796     713.89     512.28     421.27
106.016     713.89     512.03     421.27
106.238     713.89     511.81     421.27
106.459     713.89     511.47     421.27
106.679     713.89     511.18     421.27
106.897     713.89     510.43     421.27
107.115     713.89     509.81     421.27
107.333     713.89     509.19     421.27
107.552     713.89     508.78     421.27
107.771     713.89     508.29     421.27
107.989     713.89     508.02     421.27
108.207     713.89     507.63     421.27
108.426     713.89     507.36     421.27
108.647     713.89     507.17     421.27
108.870     713.89     506.95     421.27
109.091     713.89     506.64     421.27
109.310     713.89     506.32     421.27
109.536     713.89     506.10     421.27
109.766     713.89     505.60     421.27
109.992     713.89     505.09     421.27
110.215     713.89     504.50     421.27
110.436     713.89     503.84     421.27
110.656     713.89     503.41     421.27
110.875     713.89     502.94     421.27
111.093     713.89     502.62     421.27
111.313     713.89     502.36     421.27
111.541     713.89     502.14     421.27
111.782     713.89     501.70     421.27
112.023     713.89     501.52     421.27
112.252     713.89     501.14     421.27
112.475     713.89     500.75     421.27
112.695     713.89     500.48     421.27
112.914     713.89     500.20     421.27
113.133     713.89     499.85     421.27
113.352     713.89     499.42     421.27
113.572     713.89     499.19     421.27
113.793     713.89     498.68     421.27
114.013     713.89     497.90     421.27
114.232     713.89     497.07     421.27
114.451     713.89     496.84     421.27
114.669     713.89     496.37     421.27
114.889     713.89     496.15     421.27
115.109     713.89     495.89     421.27
115.330     713.89     495.52     421.27
115.550     713.89     495.30     421.27
115.770     713.89     495.11     421.27
115.995     713.89     494.66     421.27
116.222     713.89     494.44     421.27
116.445     713.89     494.03     421.27
116.665     713.89     493.83     421.27
116.885     713.89     493.52     421.27
117.103     713.89     493.00     421.27
117.322     713.89     492.56     421.27
117.541     713.89     491.90     421.27
117.760     713.89     491.68     421.27
117.980     713.89     491.49     421.27
118.202     713.89     491.03     421.27
118.422     713.89     490.35     421.27
118.641     713.89     489.97     421.27
118.860     713.89     489.75     421.27
119.079     713.89     489.38     421.27
119.298     713.89     489.16     421.27
119.517     713.89     488.73     421.27
119.735     713.89     488.46     421.27
119.953     713.89     488.09     421.27
120.172     713.89     487.86     421.27
120.394     713.89     487.64     421.27
120.617     713.89     487.23     421.74
120.838     713.89     487.23     421.74
121.059     713.89     487.23     421.74
121.280     713.89     487.17     421.74
121.500     713.89     486.91     421.74
121.719     713.89     486.84     421.74
121.939     713.89     486.84     421.74
122.158     713.89     486.37     421.74
122.377     713.89     486.11     421.74
122.596     713.89     485.73     421.74
122.815     713.89     485.72     421.74
123.033     713.89     485.47     421.74
123.252     713.89     485.29     421.74
123.471     713.89     485.08     421.74
123.690     713.89     484.91     421.74
123.908     713.89     484.65     421.74
124.126     713.89     484.61     421.74
124.345     713.89     484.57     421.74
124.564     713.89     483.98     421.74
124.782     713.89     483.43     421.74
125.000     713.89     483.12     421.74
125.218     713.89     482.93     421.74
125.437     713.89     482.78     421.74
125.658     713.89     482.78     421.74
125.879     713.89     482.66     421.74
126.098     713.89     482.56     421.74
126.319     713.89     482.49     421.74
126.540     713.89     482.15     421.74
126.760     713.89     482.14     421.74
126.979     713.89     482.06     421.74
127.198     713.89     481.52     421.74
127.417     713.89     481.27     421.74
127.637     713.89     481.09     421.74
127.855     713.89     480.98     421.74
128.076     713.89     480.72     421.74
128.300     713.89     480.72     421.74
128.524     713.89     480.62     421.74
128.745     713.89     480.47     421.74
128.965     713.89     480.42     421.74
129.184     713.89     480.18     421.74
129.402     713.89     479.91     421.74
129.622     713.89     479.91     421.74
129.841     713.89     479.43     421.74
130.059     713.89     479.32     421.74
130.279     713.89     479.13     421.74
130.499     713.89     478.62     421.74
130.719     713.89     478.62     421.74
130.940     713.89     478.62     421.74
131.159     713.89     478.36     421.74
131.378     713.89     478.23     421.74
131.597     713.89     478.11     421.74
131.816     713.89     477.96     421.74
132.034     713.89     477.90     421.74
132.253     713.89     477.61     421.74
132.472     713.89     477.05     421.74
132.691     713.89     476.39     421.74
132.909     713.89     476.27     421.74
133.126     713.89     475.92     421.74
133.345     713.89     475.92     421.74
133.565     713.89     475.76     421.74
133.786     713.89     475.55     421.74
134.008     713.89     475.42     421.74
134.229     713.89     475.17     421.74
134.448     713.89     474.85     421.74
134.668     713.89     474.40     421.74
134.889     713.89     474.22     421.74
135.113     713.89     473.79     421.74
135.335     713.89     473.53     421.74
135.555     713.89     473.46     421.74
135.775     713.89     473.40     421.74
135.995     713.89     473.21     421.74
136.214     713.89     472.86     421.74
136.434     713.89     472.32     421.74
136.654     713.89     471.91     421.74
136.873     713.89     471.50     421.74
137.094     713.89     471.50     421.74
137.314     713.89     471.36     421.74
137.535     713.89     471.26     421.74
137.755     713.89     471.01     421.74
137.974     713.89     470.74     421.74
138.194     713.89     470.73     421.74
138.414     713.89     470.59     421.74
138.634     713.89     470.23     421.74
138.855     713.89     470.18     421.74
139.074     713.89     469.71     421.74
139.293     713.89     469.15     421.74
139.513     713.89     468.96     421.74
139.732     713.89     468.81     421.74
139.951     713.89     468.63     421.74
140.172     713.89     468.63     421.74
140.394     713.89     468.37     421.74
140.615     713.89     468.31     421.74
140.836     713.89     468.28     421.74
141.057     713.89     467.84     421.74
141.277     713.89     467.68     421.74
141.498     713.89     467.44     421.74
141.719     713.89     467.43     421.74
141.939     713.89     467.25     421.74
142.158     713.89     466.94     421.74
142.377     713.89     466.65     421.74
142.595     713.89     466.44     421.74
142.814     713.89     466.34     421.74
143.032     713.89     466.21     421.74
143.250     713.89     466.03     421.74
143.470     713.89     465.71     421.74
143.689     713.89     465.53     421.74
143.908     713.89     465.25     421.74
144.128     713.89     465.24     421.74
144.347     713.89     464.98     421.74
144.567     713.89     464.72     421.74
144.786     713.89     464.71     421.74
145.005     713.89     464.31     421.74
145.224     713.89     464.31     421.74
145.445     713.89     464.10     421.74
145.669     713.89     464.05     421.74
145.890     713.89     463.84     421.74
146.113     713.89     463.59     421.74
146.336     713.89     463.11     421.74
146.557     713.89     462.71     421.74
146.777     713.89     462.40     421.74
146.996     713.89     462.08     421.74
147.214     713.89     461.93     421.74
147.435     713.89     461.75     421.74
147.655     713.89     461.56     421.74
147.873     713.89     461.50     421.74
148.092     713.89     461.36     421.74
148.311     713.89     460.87     421.74
148.531     713.89     460.47     421.74
148.752     713.89     460.47     421.74
148.973     713.89     460.39     421.74
149.193     713.89     459.93     421.74
149.415     713.89     459.63     421.74
149.641     713.89     459.63     421.74
149.865     713.89     459.62     421.74
150.088     713.89     459.62     421.74
150.311     713.89     459.38     421.74
150.531     713.89     459.28     421.74
150.751     713.89     459.07     421.74
150.970     713.89     459.07     421.74
151.191     713.89     459.01     421.74
151.412     713.89     458.42     421.74
151.632     713.89     457.98     421.74
151.851     713.89     457.78     421.74
152.070     713.89     457.51     421.74
152.290     713.89     457.27     421.74
152.510     713.89     457.09     421.74
152.730     713.89     457.08     421.74
152.949     713.89     457.03     421.74
153.167     713.89     456.72     421.74
153.387     713.89     456.47     421.74
153.607     713.89     456.46     421.74
153.827     713.89     456.15     421.74
154.046     713.89     455.75     421.74
154.265     713.89     455.75     421.74
154.486     713.89     455.74     421.74
154.707     713.89     455.66     421.74
154.928     713.89     455.24     421.74
155.149     713.89     455.02     421.74
155.370     713.89     454.88     421.74
155.591     713.89     454.67     421.74
155.810     713.89     454.46     421.74
156.029     713.89     454.36     421.74
156.251     713.89     454.36     421.74
156.475     713.89     454.36     421.74
156.696     713.89     454.22     421.74
156.915     713.89     453.83     421.74
157.135     713.89     453.80     421.74
157.357     713.89     453.66     421.74
157.577     713.89     453.31     421.74
157.795     713.89     453.08     421.74
158.015     713.89     453.08     421.74
158.237     713.89     453.08     421.74
158.458     713.89     452.92     421.74
158.677     713.89     452.67     421.74
158.896     713.89     452.43     421.74
159.115     713.89     452.28     421.74
159.334     713.89     452.11     421.74
159.553     713.89     452.00     421.74
159.772     713.89     451.84     421.74
159.992     713.89     451.81     421.74
160.217     713.89     451.81     421.74
160.444     713.89     451.81     421.74
160.669     713.89     451.78     421.74
160.891     713.89     451.12     421.74
161.109     713.89     450.84     421.74
161.330     713.89     450.84     421.74
161.553     713.89     450.84     421.74
161.774     713.89     450.49     421.74
161.994     713.89     450.39     421.74
162.215     713.89     450.39     421.74
162.440     713.89     450.39     421.74
162.662     713.89     450.12     421.74
162.880     713.89     449.93     421.74
163.098     713.89     449.80     421.74
163.317     713.89     449.54     421.74
163.538     713.89     449.54     421.74
163.758     713.89     449.07     421.74
163.977     713.89     448.98     421.74
164.196     713.89     448.98     421.74
164.417     713.89     448.98     421.74
164.638     713.89     448.98     421.74
164.859     713.89     448.81     421.74
165.080     713.89     448.77     421.74
165.304     713.89     448.77     421.74
165.529     713.89     448.73     421.74
165.751     713.89     448.30     421.74
165.974     713.89     447.97     421.74
166.195     713.89     447.77     421.74
166.417     713.89     447.77     421.74
166.638     713.89     447.50     421.74
166.857     713.89     447.40     421.74
167.078     713.89     447.40     421.74
167.299     713.89     447.01     421.74
167.518     713.89     446.97     421.74
167.739     713.89     446.97     421.74
167.959     713.89     446.54     421.74
168.177     713.89     446.18     421.74
168.397     713.89     445.82     421.74
168.617     713.89     445.63     421.74
168.838     713.89     445.62     421.74
169.061     713.89     445.62     421.74
169.282     713.89     445.52     421.74
169.501     713.89     445.36     421.74
169.720     713.89     445.10     421.74
169.940     713.89     445.10     421.74
170.162     713.89     445.05     421.74
170.383     713.89     444.58     421.74
170.605     713.89     444.13     421.74
170.826     713.89     444.13     421.74
171.046     713.89     443.80     421.74
171.267     713.89     443.63     421.74
171.488     713.89     443.47     421.74
171.706     713.89     443.17     421.74
171.926     713.89     443.16     421.74
172.145     713.89     442.89     421.74
172.364     713.89     442.74     421.74
172.582     713.89     442.24     421.74
172.805     713.89     442.24     421.74
173.036     713.89     442.24     421.74
173.267     713.89     441.88     421.74
173.492     713.89     441.64     421.74
173.715     713.89     441.64     421.74
173.936     713.89     441.37     421.74
174.157     713.89     441.37     421.74
174.378     713.89     441.21     421.74
174.598     713.89     440.87     421.74
174.816     713.89     440.77     421.74
175.036     713.89     440.58     421.74
175.258     713.89     440.58     421.74
175.481     713.89     440.58     421.74
175.702     713.89     440.44     421.74
175.921     713.89     440.30     421.74
176.141     713.89     440.30     421.74
176.363     713.89     440.30     421.74
176.584     713.89     439.97     421.74
176.804     713.89     439.92     421.74
177.024     713.89     439.66     421.74
177.243     713.89     439.29     421.74
177.463     713.89     439.29     421.74
177.684     713.89     439.28     421.74
177.905     713.89     439.22     421.74
178.127     713.89     439.15     421.74
178.348     713.89     438.85     421.74
178.568     713.89     438.76     421.74
178.787     713.89     438.51     421.74
179.007     713.89     438.51     421.74
179.229     713.89     438.51     421.74
179.450     713.89     438.38     421.74
179.669     713.89     438.27     421.74
179.888     713.89     438.14     421.74
180.108     713.89     437.96     421.74
180.328     713.89     437.66     421.74
180.548     713.89     437.32     422.52
180.766     713.89     436.79     422.52
180.985     713.89     436.50     422.52
181.204     713.89     436.19     422.52
181.423     713.89     436.16     422.52
181.645     713.89     436.16     422.52
181.866     713.89     436.16     422.52
182.086     713.89     436.16     422.52
182.307     713.89     436.02     422.52
182.526     713.89     435.91     422.52
182.746     713.89     435.91     422.52
182.967     713.89     435.91     422.52
183.188     713.89     435.91     422.52
183.410     713.89     435.91     422.52
183.630     713.89     435.64     422.52
183.849     713.89     435.53     422.52
184.068     713.89     435.41     422.52
184.289     713.89     435.36     422.52
184.511     713.89     435.33     422.52
184.732     713.89     435.26     422.52
184.954     713.89     435.23     422.52
185.176     713.89     435.01     422.52
185.396     713.89     434.60     422.52
185.615     713.89     434.36     422.52
185.834     713.89     434.15     422.52
186.055     713.89     433.85     422.52
186.275     713.89     433.72     422.52
186.495     713.89     433.57     422.52
186.714     713.89     433.34     422.52
186.933     713.89     433.18     422.52
187.153     713.89     433.18     422.52
187.374     713.89     432.99     422.52
187.595     713.89     432.99     422.52
187.817     713.89     432.94     422.52
188.038     713.89     432.74     422.52
188.258     713.89     432.74     422.52
188.480     713.89     432.48     422.52
188.703     713.89     432.09     422.52
188.926     713.89     431.77     422.52
189.147     713.89     431.45     422.52
189.366     713.89     431.13     422.52
189.585     713.89     430.72     422.52
189.805     713.89     430.21     422.52
190.024     713.89     429.78     422.52
190.243     713.89     429.34     422.52
190.461     713.89     429.02     422.52
190.681     713.89     428.77     422.52
190.899     713.89     428.39     422.52
191.118     713.89     427.67     422.52
191.337     713.89     427.30     422.52
191.555     713.89     426.89     422.52
191.774     713.89     426.61     422.52
191.992     713.89     426.26     422.52
192.211     713.89     425.83     422.52
192.430     713.89     425.24     422.52
192.649     713.89     424.83     422.52
192.867     713.89     424.44     422.52
193.085     713.89     424.16     422.52
193.303     713.89     423.76     422.52
193.523     713.89     423.20     422.52
193.742     713.89     422.73     422.52
193.961     713.89     422.29     422.52
194.181     713.89     422.04     422.52
194.401     713.89     421.68     422.52
194.621     713.89     421.22     422.52
194.841     713.89     420.61     422.52
195.060     713.89     420.14     422.52
195.281     713.89     419.83     422.52
195.507     713.89     419.52     422.52
195.735     713.89     419.13     422.52
195.959     713.89     418.54     422.52
196.181     713.89     418.03     422.52
196.403     713.89     417.59     422.52
196.624     713.89     417.37     422.52
196.845     713.89     417.03     422.52
197.064     713.89     416.49     422.52
197.283     713.89     415.99     422.52
197.503     713.89     415.53     422.52
197.724     713.89     415.18     422.52
197.943     713.89     414.93     422.52
198.163     713.89     414.56     422.52
198.383     713.89     414.12     422.52
198.603     713.89     413.53     422.52
198.822     713.89     413.09     422.52
199.041     713.89     412.78     422.52
199.259     713.89     412.50     422.52
199.478     713.89     412.10     422.52
199.697     713.89     411.63     422.52
199.916     713.89     411.11     422.52
200.135     713.89     410.74     422.52
200.355     713.89     410.42     422.52
200.575     713.89     410.14     422.52
200.795     713.89     409.74     422.52
201.017     713.89     409.28     422.52
201.241     713.89     408.67     422.52
201.464     713.89     408.28     422.52
201.686     713.89     408.06     422.52
201.908     713.89     407.68     422.52
202.128     713.89     407.38     422.52
202.348     713.89     406.85     422.52
202.568     713.89     406.33     422.52
202.788     713.89     406.00     422.52
203.006     713.89     405.68     422.52
203.226     713.89     405.41     422.52
203.445     713.89     405.01     422.52
203.664     713.89     404.43     422.52
203.883     713.89     403.93     422.52
204.102     713.89     403.56     422.52
204.321     713.89     403.28     422.52
204.539     713.89     402.97     422.52
204.758     713.89     402.47     422.52
204.977     713.89     401.93     422.52
205.198     713.89     401.43     422.52
205.421     713.89     401.15     422.52
205.643     713.89     400.83     422.52
205.863     713.89     400.42     422.52
206.082     713.89     399.99     422.52
206.302     713.89     399.36     422.52
206.521     713.89     399.02     422.52
206.741     713.89     398.67     422.52
206.959     713.89     398.40     422.52
207.178     713.89     398.03     422.52
207.396     713.89     397.61     422.52
207.615     713.89     397.05     422.52
207.834     713.89     396.64     422.52
208.053     713.89     396.36     422.52
208.272     713.89     396.05     422.52
208.492     713.89     395.54     422.52
208.712     713.89     394.98     422.52
208.932     713.89     394.54     422.52
209.151     713.89     394.19     422.52
209.370     713.89     393.91     422.52
209.589     713.89     393.60     422.52
209.808     713.89     393.07     422.52
210.027     713.89     392.58     422.52
210.246     713.89     392.11     422.52
210.465     713.89     391.84     422.52
210.684     713.89     391.60     422.52
210.903     713.89     391.23     422.52
211.122     713.89     390.74     422.52
211.341     713.89     390.30     422.52
211.560     713.89     389.80     422.52
211.780     713.89     389.49     422.52
211.999     713.89     389.17     422.52
212.218     713.89     388.91     422.52
212.438     713.89     388.35     422.52
212.657     713.89     387.91     422.52
212.876     713.89     387.49     422.52
213.095     713.89     387.14     422.52
213.315     713.89     386.86     422.52
213.535     713.89     386.52     422.52
213.755     713.89     385.92     422.52
213.974     713.89     385.53     422.52
214.194     713.89     385.06     422.52
214.413     713.89     384.75     422.52
214.632     713.89     384.47     422.52
214.851     713.89     384.12     422.52
215.070     713.89     383.54     422.52
215.289     713.89     383.10     422.52
215.508     713.89     382.71     422.52
215.728     713.89     382.39     422.52
215.948     713.89     382.11     422.52
216.168     713.89     381.71     422.52
216.388     713.89     381.18     422.52
216.608     713.89     380.79     422.52
216.827     713.89     380.35     422.52
217.046     713.89     380.04     422.52
217.268     713.89     379.80     422.52
217.491     713.89     379.39     422.52
217.714     713.89     378.86     422.52
217.934     713.89     378.33     422.52
218.155     713.89     377.97     422.52
218.375     713.89     377.68     422.52
218.596     713.89     377.41     422.52
218.817     713.89     377.01     422.52
219.037     713.89     376.44     422.52
219.256     713.89     375.91     422.52
219.475     713.89     375.58     422.52
219.697     713.89     375.30     422.52
219.920     713.89     375.02     422.52
220.143     713.89     374.55     422.52
220.366     713.89     373.96     422.52
220.587     713.89     373.55     422.52
220.809     713.89     373.17     422.52
221.029     713.89     372.89     422.52
221.249     713.89     372.58     422.52
221.469     713.89     371.99     422.52
221.688     713.89     371.52     422.52
221.908     713.89     371.14     422.52
222.128     713.89     370.77     422.52
222.349     713.89     370.49     422.52
222.570     713.89     370.11     422.52
222.789     713.89     369.49     422.52
223.009     713.89     369.04     422.52
223.229     713.89     368.57     422.52
223.450     713.89     368.29     422.52
223.670     713.89     367.98     422.52
223.889     713.89     367.51     422.52
224.109     713.89     366.94     422.52
224.328     713.89     366.60     422.52
224.549     713.89     366.16     422.52
224.769     713.89     365.84     422.52
224.988     713.89     365.53     422.52
225.208     713.89     364.90     422.52
225.428     713.89     364.47     422.52
225.649     713.89     364.07     422.52
225.869     713.89     363.80     422.52
226.090     713.89     363.49     422.52
226.312     713.89     363.12     422.52
226.537     713.89     362.55     422.52
226.760     713.89     362.12     422.52
226.981     713.89     361.75     422.52
227.201     713.89     361.37     422.52
227.420     713.89     361.12     422.52
227.640     713.89     360.62     422.52
227.859     713.89     360.12     422.52
228.078     713.89     359.73     422.52
228.297     713.89     359.29     422.52
228.517     713.89     359.02     422.52
228.737     713.89     358.78     422.52
228.958     713.89     358.34     422.52
229.179     713.89     357.85     422.77
229.399     713.89     357.42     422.77
229.618     713.89     357.05     422.77
229.839     713.89     356.72     422.77
230.060     713.89     356.48     422.77
230.283     713.89     356.14     422.77
230.507     713.89     355.65     422.77
230.729     713.89     355.19     422.77
230.950     713.89     354.86     422.77
231.171     713.89     354.50     422.77
231.392     713.89     354.29     422.77
231.614     713.89     354.08     422.77
231.835     713.89     353.87     422.77
232.055     713.89     353.66     422.77
232.276     713.89     353.61     422.77
232.497     713.89     353.61     422.77
232.718     713.89     353.61     422.77
232.938     713.89     353.61     422.77
233.157     713.89     353.61     422.77
233.376     713.89     353.61     422.77
233.595     713.89     353.61     422.77
233.814     713.89     353.61     422.77
234.034     713.89     353.61     422.77
234.256     713.89     353.61     422.77
234.479     713.89     353.61     422.77
234.701     713.89     353.61     422.77
234.922     713.89     353.61     422.77
235.145     713.89     353.61     422.77
235.370     713.89     353.61     422.77
235.592     713.89     353.61     422.77
235.813     713.89     353.61     422.77
236.037     713.89     353.61     422.77
236.265     713.89     353.61     422.77
236.492     713.89     353.61     422.77
236.718     713.89     353.61     422.77
236.943     713.89     353.61     422.77
237.165     713.89     353.61     422.77
237.387     713.89     353.61     422.77
237.608     713.89     353.61     422.77
237.827     713.89     353.61     422.77
238.047     713.89     353.61     422.77
238.267     713.89     353.61     422.77
238.486     713.89     353.61     422.77
238.706     713.89     353.61     422.77
238.928     713.89     353.61     422.77
239.151     713.89     353.61     422.77
239.372     713.89     353.61     422.77
239.592     713.89     353.61     422.77
239.812     713.89     353.61     422.77
240.031     713.89     353.61     422.77
240.251     713.89     353.61     422.77
240.471     713.89     353.61     422.77
240.692     713.89     353.61     422.77
240.911     713.89     353.61     422.77
241.128     713.89     353.61     422.77
241.346     713.89     353.61     422.77
241.567     713.89     353.61     422.77
241.787     713.89     353.61     422.77
242.007     713.89     353.61     422.77
242.227     713.89     353.61     422.77
242.447     713.89     353.61     422.77
242.668     713.89     353.61     422.77
242.888     713.89     353.61     422.77
243.111     713.89     353.61     422.77
243.333     713.89     353.61     422.77
243.556     713.89     353.61     422.77
243.780     713.89     353.61     422.77
244.003     713.89     353.61     422.77
244.225     713.89     353.61     422.77
244.447     713.89     353.61     422.77
244.669     713.89     353.61     422.77
244.893     713.89     353.61     422.77
245.115     713.89     353.61     422.77
245.337     713.89     353.61     422.77
245.559     713.89     353.61     422.77
245.782     713.89     353.61     422.77
246.003     713.89     353.61     422.77
246.223     713.89     353.61     422.77
246.444     713.89     353.61     422.77
246.665     713.89     353.61     422.77
246.885     713.89     353.61     422.77
247.106     713.89     353.61     422.77
247.326     713.89     353.61     422.77
247.547     713.89     353.61     422.77
247.767     713.89     353.61     422.77
247.988     713.89     353.61     422.77
248.208     713.89     353.61     422.77
248.429     713.89     353.61     422.77
248.651     713.89     353.61     422.77
248.874     713.89     353.61     422.77
249.095     713.89     353.61     422.77
249.316     713.89     353.61     422.77
249.537     713.89     353.61     422.77
249.758     713.89     353.61     422.77
249.978     713.89     353.61     422.77
250.200     713.89     353.61     422.77
250.421     713.89     353.61     422.77
250.641     713.89     353.61     422.77
250.861     713.89     353.61     422.77
251.080     713.89     353.61     422.77
251.300     713.89     353.61     422.77
251.520     713.89     353.61     422.77
251.741     713.89     353.61     422.77
251.961     713.89     353.61     422.77
252.180     713.89     353.61     422.77
252.401     713.89     353.61     422.77
252.624     713.89     353.61     422.77
252.845     713.89     353.61     422.77
253.065     713.89     353.61     422.77
253.285     713.89     353.61     422.77
253.505     713.89     353.61     422.77
253.725     713.89     353.61     422.77
253.946     713.89     353.61     422.77
254.166     713.89     353.61     422.77
254.385     713.89     353.61     422.77
254.603     713.89     353.61     422.77
254.820     713.89     353.61     422.77
255.039     713.89     353.61     422.77
255.259     713.89     353.61     422.77
255.479     713.89     353.61     422.77
255.699     713.89     353.61     422.77
255.917     713.89     353.61     422.77
256.136     713.89     353.61     422.77
256.355     713.89     353.61     422.77
256.575     713.89     353.61     422.77
256.793     713.89     353.61     422.77
257.012     713.89     353.61     422.77
257.230     713.89     353.61     422.77
257.449     713.89     353.61     422.77
257.670     713.89     353.61     422.77
257.890     713.89     353.61     422.77
258.111     713.89     353.61     422.77
258.334     713.89     353.61     422.77
258.555     713.89     353.61     422.77
258.776     713.89     353.61     422.77
258.995     713.89     353.61     422.77
259.214     713.89     353.61     422.77
259.433     713.89     353.61     422.77
259.653     713.89     353.61     422.77
259.872     713.89     353.61     422.77
260.091     713.89     353.61     422.77
260.310     713.89     353.61     422.77
260.530     713.89     353.61     422.77
260.749     713.89     353.61     422.77
260.969     713.89     353.61     422.77
261.188     713.89     353.61     422.77
261.408     713.89     353.61     422.77
261.628     713.89     353.61     422.77
261.847     713.89     353.61     422.77
262.066     713.89     353.61     422.77
262.286     713.89     353.61     422.77
262.505     713.89     353.61     422.77
262.726     713.89     353.61     422.77
262.949     713.89     353.61     422.77
263.169     713.89     353.61     422.77
263.390     713.89     353.61     422.77
263.609     713.89     353.61     422.77
263.829     713.89     353.61     422.77
264.048     713.89     353.61     422.77
264.267     713.89     353.61     422.77
264.487     713.89     353.61     422.77
264.706     713.89     353.61     422.77
264.925     713.89     353.61     422.77
265.145     713.89     353.61     422.77
265.364     713.89     353.61     422.77
265.583     713.89     353.61     422.77
265.802     713.89     353.61     422.77
266.021     713.89     353.61     422.77
266.240     713.89     353.61     422.77
266.460     713.89     353.61     422.77
266.681     713.89     353.61     422.77
266.901     713.89     353.61     422.77
267.120     713.89     353.61     422.77
267.339     713.89     353.61     422.77
267.558     713.89     353.61     422.77
267.777     713.89     353.61     422.77
267.996     713.89     353.61     422.77
268.215     713.89     353.61     422.77
268.435     713.89     353.61     422.77
268.654     713.89     353.61     422.77
268.873     713.89     353.61     422.77
269.092     713.89     353.61     422.77
269.310     713.89     353.61     422.77
269.529     713.89     353.61     422.77
269.748     713.89     353.61     422.77
269.966     713.89     353.61     422.77
270.185     713.89     353.61     422.77
270.405     713.89     353.61     422.77
270.624     713.89     353.61     422.77
270.843     713.89     353.61     422.77
271.061     713.89     353.61     422.77
271.287     713.89     353.61     422.77
271.522     713.89     353.61     422.77
271.753     713.89     353.61     422.77
271.975     713.89     353.61     422.77
272.195     713.89     353.61     422.77
272.416     713.89     353.61     422.77
272.636     713.89     353.61     422.77
272.856     713.89     353.61     422.77
273.075     713.89     353.61     422.77
273.295     713.89     353.61     422.77
273.515     713.89     353.61     422.77
273.735     713.89     353.61     422.77
273.954     713.89     353.61     422.77
274.173     713.89     353.61     422.77
274.393     713.89     353.61     422.77
274.612     713.89     353.61     422.77
274.832     713.89     353.61     422.77
275.051     713.89     353.61     422.77
275.274     713.89     353.61     422.77
275.499     713.89     353.61     422.77
275.721     713.89     353.61     422.77
275.941     713.89     353.61     422.77
276.161     713.89     353.61     422.77
276.380     713.89     353.61     422.77
276.600     713.89     353.61     422.77
276.822     713.89     353.61     422.77
277.046     713.89     353.61     422.77
277.268     713.89     353.61     422.77
277.489     713.89     353.61     422.77
277.711     713.89     353.61     422.77
277.931     713.89     353.61     422.77
278.151     713.89     353.61     422.77
278.372     713.89     353.61     422.77
278.592     713.89     353.61     422.77
278.812     713.89     353.61     422.77
279.031     713.89     353.61     422.77
279.250     713.89     353.61     422.77
279.470     713.89     353.61     422.77
279.689     713.89     353.61     422.77
279.908     713.89     353.61     422.77
280.127     713.89     353.61     422.77
280.348     713.89     353.61     422.77
280.568     713.89     353.61     422.77
280.788     713.89     353.61     422.77
281.007     713.89     353.61     422.77
281.227     713.89     353.61     422.77
281.447     713.89     353.61     422.77
281.667     713.89     353.61     422.77
281.886     713.89     353.61     422.77
282.105     713.89     353.61     422.77
282.326     713.89     353.61     422.77
282.547     713.89     353.61     422.77
282.767     713.89     353.61     422.77
282.986     713.89     353.61     422.77
283.205     713.89     353.61     422.77
283.424     713.89     353.61     422.77
283.643     713.89     353.61     422.77
283.862     713.89     353.61     422.77
284.082     713.89     353.61     422.77
284.302     713.89     353.61     422.77
284.522     713.89     353.61     422.77
284.741     713.89     353.61     422.77
284.960     713.89     353.61     422.77
285.179     713.89     353.61     422.77
285.398     713.89     353.61     422.77
285.618     713.89     353.61     422.77
285.837     713.89     353.61     422.77
286.057     713.89     353.61     422.77
286.277     713.89     353.61     422.77
286.496     713.89     353.61     422.77
286.715     713.89     353.61     422.77
286.934     713.89     353.61     422.77
287.152     713.89     353.61     422.77
287.371     713.89     353.61     422.77
287.590     713.89     353.61     422.77
287.809     713.89     353.61     422.77
288.027     713.89     353.61     422.77
288.245     713.89     353.61     429.26
288.464     713.87     353.59     438.26
288.683     713.87     353.59     445.80
288.902     713.87     353.59     452.46
289.121     713.87     353.59     458.59
289.339     713.87     353.59     464.38
289.558     713.87     353.59     470.34
289.777     713.87     353.59     475.78
289.996     713.87     353.59     480.91
290.214     713.87     353.59     485.78
290.433     713.87     353.59     490.28
290.656     713.87     353.59     494.78
290.880     713.87     353.59     499.15
291.101     713.87     353.59     503.28
291.321     713.87     353.59     507.53
291.541     713.87     353.59     511.53
291.761     713.87     353.59     515.78
291.980     713.87     353.59     519.86
292.199     713.87     353.59     523.86
292.418     713.87     353.59     527.65
292.637     713.87     353.59     531.53
292.856     713.87     353.59     535.15
293.074     713.87     353.59     538.78
293.293     713.87     353.59     542.28
293.512     713.87     353.59     545.78
293.731     713.87     353.59     549.24
293.949     713.87     353.59     552.66
294.168     713.87     353.59     556.03
294.387     713.87     353.59     559.24
294.606     713.87     353.59     562.53
294.825     713.87     353.59     565.78
295.044     713.87     353.59     569.03
295.262     713.87     353.59     572.24
295.481     713.87     353.59     575.49
295.700     713.87     353.59     578.65
295.919     713.87     353.59     581.65
296.138     713.87     353.59     584.86
296.360     713.87     353.59     587.91
296.583     713.87     353.59     591.03
296.805     713.87     353.59     594.16
297.024     713.87     353.59     597.28
297.243     713.87     353.59     600.36
297.463     713.87     353.59     603.24
297.682     713.87     353.59     603.24
297.901     713.87     353.59     603.24
298.120     713.87     353.59     603.24
298.339     713.87     353.59     603.24
298.558     713.87     353.59     603.24
298.777     713.87     353.59     603.24
298.996     713.87     353.59     603.24
299.215     713.87     353.59     603.24
299.441     713.87     353.59     603.24
299.672     713.87     353.59     603.24
299.896     713.87     353.59     603.24
300.118     713.87     353.59     603.24
300.339     713.87     353.59     604.65
300.561     713.87     353.59     620.40
300.782     713.87     353.59     636.61
301.002     713.87     353.59     653.86
301.223     713.87     353.59     669.86
301.443     713.87     353.59     684.86
301.664     713.87     353.59     699.70
301.883     713.87     353.59     709.64
302.103     713.87     353.59     709.64
302.324     713.87     353.59     709.64
302.544     713.87     353.59     709.64
302.764     713.87     353.59     709.64
302.984     713.87     353.59     709.64
303.203     713.87     353.59     709.64
303.422     713.87     353.59     709.64
303.641     713.87     353.59     709.64
303.861     713.87     353.59     709.64
304.082     713.87     353.59     709.64
304.302     713.87     353.59     709.64
304.522     713.87     353.59     709.64
304.741     713.87     353.59     709.64
304.960     713.87     353.59     709.64
305.180     713.87     353.59     709.64
305.399     713.87     353.59     709.64
305.617     713.87     353.59     709.64
305.836     713.87     353.59     709.64
306.057     713.87     353.59     709.64
306.277     713.87     353.59     709.64
306.496     713.87     353.59     709.64
306.716     713.87     353.59     709.64
306.937     713.87     353.59     709.64
307.156     713.87     353.59     709.64
307.375     713.87     353.59     709.64
307.596     713.87     353.59     709.64
307.816     713.87     353.59     709.64
308.035     713.87     353.59     709.64
308.255     713.87     353.59     709.64
308.475     713.87     353.59     709.64
308.695     713.87     353.59     709.64
308.914     713.87     353.59     709.64
309.134     713.87     353.59     709.64
309.353     713.87     353.59     709.64
309.572     713.87     353.59     709.64
309.791     713.87     353.59     709.64
310.010     713.87     353.59     709.64
310.230     713.87     353.59     709.64
310.450     713.87     353.59     709.64
310.669     713.87     353.59     709.64
310.888     713.87     353.59     709.64
311.113     713.87     353.59     709.64
311.344     713.87     353.59     709.64
311.572     713.87     353.59     709.64
311.796     713.87     353.59     709.64
312.017     713.87     353.59     709.64
312.237     713.87     353.59     709.64
312.458     713.87     353.59     709.64
312.678     713.87     353.59     709.64
312.897     713.87     353.59     709.64
313.117     713.87     353.59     709.64
313.336     713.87     353.59     709.64
313.556     713.87     353.59     709.64
313.775     713.87     353.59     709.64
313.994     713.87     353.59     709.64
314.214     713.87     353.59     709.64
314.433     713.87     353.59     709.64
314.652     713.87     353.59     709.64
314.871     713.87     353.59     709.64
315.089     713.87     353.59     709.64
315.309     713.87     353.59     709.64
315.528     713.87     353.59     709.64
315.748     713.87     353.59     709.64
315.967     713.87     353.59     709.64
316.186     713.87     353.59     709.64
316.405     713.87     353.59     709.64
316.625     713.87     353.59     709.64
316.844     713.87     353.59     709.64
317.062     713.87     353.59     709.64
317.281     713.87     353.59     709.64
317.500     713.87     353.59     709.64
317.721     713.87     353.59     709.64
317.947     713.87     353.59     709.64
318.182     713.87     353.59     709.64
318.418     713.87     353.59     709.64
318.646     713.87     353.59     709.64
318.868     713.87     353.59     709.64
319.089     713.87     353.59     709.64
319.310     713.87     353.59     709.64
319.531     713.87     353.59     709.64
319.752     713.87     353.59     709.64
319.973     713.87     353.59     709.64
320.192     713.87     353.59     709.64
320.412     713.87     353.59     709.64
320.632     713.87     353.59     709.64
320.851     713.87     353.59     709.64
321.070     713.87     353.59     709.64
321.290     713.87     353.59     709.64
321.509     713.87     353.59     709.64
321.730     713.87     353.59     709.64
321.950     713.87     353.59     709.64
322.169     713.87     353.59     709.64
322.389     713.87     353.59     709.64
322.608     713.87     353.59     709.64
322.828     713.87     353.59     709.64
323.047     713.87     353.59     709.64
323.266     713.87     353.59     709.64
323.486     713.87     353.59     709.64
323.705     713.87     353.59     709.64
323.924     713.87     353.59     709.64
324.143     713.87     353.59     709.64
324.363     713.87     353.59     709.64
324.582     713.87     353.59     709.64
324.801     713.87     353.59     709.64
325.021     713.87     353.59     709.64
325.240     713.87     353.59     709.64
325.459     713.87     353.59     709.64
325.679     713.87     353.59     709.64
325.897     713.87     353.59     709.64
326.115     713.87     353.59     709.64
326.333     713.87     353.59     709.64
326.554     713.87     353.59     709.64
326.774     713.87     353.59     709.64
326.993     713.87     353.59     709.64
327.215     713.87     353.59     709.64
327.439     713.87     353.59     709.64
327.661     713.87     353.59     709.64
327.882     713.87     353.59     709.64
328.102     713.87     353.59     709.64
328.321     713.87     353.59     709.64
328.541     713.87     353.59     709.64
328.760     713.87     353.59     709.64
328.981     713.87     353.59     709.64
329.201     713.87     353.59     709.64
329.420     713.87     353.59     709.64
329.640     713.87     353.59     709.64
329.859     713.87     353.59     709.64
330.078     713.87     353.59     709.64
330.297     713.87     353.59     709.64
330.516     713.87     353.59     709.64
330.737     713.87     353.59     709.64
330.957     713.87     353.59     709.64
331.176     713.87     353.59     709.64
331.396     713.87     353.59     709.64
331.617     713.87     353.59     709.64
331.836     713.87     353.59     709.64
332.055     713.87     353.59     709.64
332.276     713.87     353.59     709.64
332.498     713.87     353.59     709.64
332.719     713.87     353.59     709.64
332.940     713.87     353.59     709.64
333.159     713.87     353.59     709.64
333.378     713.87     353.59     709.64
333.600     713.87     353.59     709.64
333.824     713.87     353.59     709.64
334.045     713.87     353.59     709.64
334.268     713.87     353.59     709.64
334.492     713.87     353.59     709.64
334.713     713.87     353.59     709.64
334.937     713.87     353.58     709.64
335.163     713.87     353.58     709.64
335.385     713.87     353.58     709.64
335.606     713.87     353.58     709.64
335.827     713.87     353.58     709.64
336.047     713.87     353.58     709.64
336.267     713.87     353.58     709.64
336.488     713.87     353.58     709.64
336.709     713.87     353.58     709.64
336.928     713.87     353.58     709.64
337.151     713.87     353.58     709.64
337.373     713.87     353.58     709.64
337.595     713.87     353.58     709.64
337.815     713.87     353.58     709.64
338.035     713.87     353.58     709.64
338.254     713.87     353.58     709.64
338.474     713.87     353.58     709.64
338.694     713.87     353.58     709.64
338.914     713.87     353.58     709.64
339.133     713.87     353.58     709.64
339.353     713.87     353.58     709.64
339.574     713.87     353.58     709.64
339.798     713.87     353.58     709.64
340.020     713.87     353.58     709.64
340.240     713.87     353.58     709.64
340.461     713.87     353.58     709.64
340.680     713.87     353.58     709.64
340.900     713.87     353.58     709.64
341.121     713.87     353.58     709.64
341.341     713.87     353.58     709.64
341.560     713.87     353.58     709.64
341.780     713.87     353.58     709.64
342.000     713.87     353.58     709.64
342.218     713.87     353.58     709.64
342.438     713.87     353.58     709.64
342.657     713.87     353.58     709.64
342.874     713.87     353.58     709.64
343.091     713.87     353.58     709.64
343.309     713.87     353.58     709.64
343.528     713.87     353.58     709.64
343.748     713.87     353.58     709.64
343.967     713.87     353.58     709.64
344.186     713.87     353.58     709.64
344.405     713.87     353.58     709.64
344.624     713.87     353.58     709.64
344.843     713.87     353.58     709.64
345.062     713.87     353.58     709.64
345.280     713.87     353.58     709.64
345.500     713.87     353.58     709.64
345.720     713.87     353.58     709.64
345.943     713.87     353.58     709.64
346.168     713.87     353.58     709.64
346.390     713.87     353.58     709.64
346.613     713.87     353.58     709.64
346.835     713.87     353.58     709.64
347.055     713.87     353.58     709.64
347.275     713.87     353.58     709.64
347.495     713.87     353.58     709.64
347.715     713.87     353.58     709.64
347.934     713.87     353.58     709.64
348.153     713.87     353.58     709.64
348.373     713.87     353.58     709.64
348.592     713.87     353.58     709.64
348.812     713.87     353.58     709.64
349.031     713.87     353.58     709.64
349.249     713.87     353.58     709.64
349.468     713.87     353.58     709.64
349.688     713.87     353.58     709.64
349.907     713.87     353.58     709.64
350.126     713.87     353.58     709.64
350.346     713.87     353.58     709.64
350.565     713.87     353.58     709.64
350.785     713.87     353.58     709.64
351.006     713.87     353.58     709.64
351.226     713.87     353.58     709.64
351.446     713.87     353.58     709.64
351.666     713.87     353.58     709.64
351.887     713.87     353.58     709.64
352.111     713.87     353.58     709.64
352.332     713.87     353.58     709.64
352.552     713.87     353.58     709.64
352.772     713.87     353.58     709.64
352.992     713.87     353.58     709.64
353.212     713.87     353.58     709.64
353.432     713.87     353.58     709.64
353.651     713.87     353.58     709.64
353.871     713.87     353.58     709.64
354.090     713.87     353.58     709.64
354.310     713.87     353.58     709.64
354.529     713.87     353.58     709.64
354.749     713.87     353.58     709.64
354.969     713.87     353.58     709.64
355.187     713.87     353.58     709.64
355.407     713.87     353.58     709.64
355.627     713.87     353.58     709.64
355.846     713.87     353.58     709.64
356.066     713.87     353.58     709.64
356.286     713.87     353.58     709.64
356.507     713.87     353.58     709.64
356.728     713.87     353.58     709.64
356.949     713.87     353.58     709.64
357.169     713.87     353.58     709.64
357.388     713.87     353.58     709.64
357.609     713.87     353.58     709.64
357.830     713.87     353.58     709.64
358.050     713.87     353.58     709.64
358.271     713.87     353.58     709.64
358.491     713.87     353.58     709.64
358.714     713.87     353.58     709.64
358.938     713.87     353.58     709.64
359.160     713.87     353.58     709.64
359.382     713.87     353.58     709.64
359.602     713.87     353.58     709.64
359.823     713.87     353.58     709.64
360.043     713.87     353.58     709.64
360.263     713.87     353.58     709.64
360.483     713.87     353.58     709.64
360.703     713.87     353.45     709.64
360.923     713.87     353.58     709.60
361.142     713.87     353.58     709.60
361.361     713.87     353.58     709.60
361.582     713.87     353.58     709.60
361.803     713.87     353.58     709.60
362.022     713.87     353.58     709.60
362.241     713.87     353.58     709.60
362.463     713.87     353.58     709.60
362.688     713.87     353.58     709.60
362.915     713.87     353.58     709.60
363.138     713.87     353.58     709.60
363.359     713.87     353.58     709.60
363.580     713.87     353.58     709.60
363.801     713.87     353.58     709.60
364.021     713.87     353.58     709.60
364.241     713.87     353.58     709.60
364.461     713.87     353.58     709.60
364.681     713.87     353.58     709.60
364.900     713.87     353.58     709.60
365.120     713.87     353.58     709.60
365.340     713.87     353.58     709.60
365.560     713.87     353.58     709.60
365.780     713.87     353.58     709.60
366.000     713.87     353.58     709.60
366.220     713.87     353.58     709.60
366.440     713.87     353.58     709.60
366.660     713.87     353.58     709.60
366.879     713.87     353.58     709.60
367.098     713.87     353.58     709.60
367.318     713.87     353.58     709.60
367.543     713.87     353.58     709.60
367.771     713.87     353.58     709.60
367.995     713.87     353.58     709.60
368.215     713.87     353.58     709.60
368.436     713.87     353.58     709.60
368.657     713.87     353.58     709.60
368.877     713.87     353.58     709.60
369.097     713.87     353.58     709.60
369.316     713.87     353.58     709.60
369.535     713.87     353.58     709.60
369.755     713.87     353.58     709.60
369.974     713.87     353.58     709.60
370.192     713.87     353.58     709.60
370.412     713.87     353.58     709.60
370.632     713.87     353.58     709.60
370.853     713.87     353.58     709.60
371.073     713.87     353.58     709.60
371.293     713.87     353.58     709.60
371.513     713.87     353.58     709.60
371.734     713.87     353.58     709.60
371.953     713.87     353.58     709.60
372.172     713.87     353.58     709.60
372.391     713.87     353.58     709.60
372.611     713.87     353.58     709.60
372.830     713.87     353.58     709.60
373.048     713.87     353.58     709.60
373.267     713.87     353.58     709.60
373.485     713.87     353.58     709.60
373.705     713.87     353.58     709.60
373.925     713.87     353.58     709.60
374.146     713.87     353.58     709.60
374.366     713.87     353.58     709.60
374.586     713.87     353.58     709.60
374.806     713.87     353.58     709.60
375.025     713.87     353.58     709.60
375.244     713.87     353.58     709.60
375.463     713.87     353.58     709.60
375.683     713.87     353.58     709.60
375.905     713.87     353.58     709.60
376.130     713.87     353.58     709.60
376.352     713.87     353.58     709.60
376.573     713.87     353.58     709.60
376.793     713.87     353.58     709.60
377.014     713.87     353.58     709.60
377.236     713.87     353.58     709.60
377.459     713.87     353.58     709.60
377.681     713.87     353.58     709.60
377.902     713.87     353.58     709.60
378.122     713.87     353.58     709.60
378.342     713.87     353.58     709.60
378.561     713.87     353.58     709.60
378.781     713.87     353.58     709.60
379.001     713.87     353.58     709.60
379.220     713.87     353.58     709.60
379.439     713.87     353.58     709.60
379.659     713.87     353.58     709.60
379.878     713.87     353.58     709.60
380.097     713.87     353.58     709.60
380.316     713.87     353.58     709.60
380.536     713.87     353.58     709.60
380.756     713.87     353.58     709.60
380.976     713.87     353.58     709.60
381.196     713.87     353.58     709.60
381.415     713.87     353.58     709.60
381.638     713.87     353.58     709.60
381.861     713.87     353.58     709.60
382.082     713.87     353.58     709.60
382.301     713.87     353.58     709.60
382.521     713.87     353.58     709.60
382.742     713.87     353.58     709.60
382.962     713.87     353.58     709.60
383.181     713.87     353.58     709.60
383.400     713.87     353.58     709.60
383.620     713.87     353.58     709.60
383.840     713.87     353.58     709.60
384.059     713.87     353.58     709.60
384.278     713.87     353.58     709.60
384.497     713.87     353.58     709.60
384.717     713.87     353.58     709.60
384.936     713.87     353.58     709.60
385.155     713.87     353.58     709.60
385.374     713.87     353.58     709.60
385.593     713.87     353.58     709.60
385.812     713.87     353.58     709.60
386.031     713.87     353.58     709.60
386.250     713.87     353.58     709.60
386.470     713.87     353.58     709.60
386.690     713.87     353.58     709.60
386.910     713.87     353.58     709.60
387.129     713.87     353.58     709.60
387.347     713.87     353.58     709.60
387.566     713.87     353.58     709.60
387.786     713.87     353.58     709.60
388.005     713.87     353.58     709.60
388.224     713.87     353.58     709.60
388.443     713.87     353.58     709.60
388.663     713.87     353.58     709.60
388.883     713.87     353.58     709.60
389.102     713.87     353.58     709.60
389.321     713.87     353.58     709.60
389.540     713.87     353.58     709.60
389.759     713.87     353.58     709.60
389.978     713.87     353.58     709.60
390.197     713.87     353.58     709.60
390.417     713.87     353.58     709.60
390.636     713.87     353.58     709.60
390.856     713.87     353.58     709.60
391.075     713.87     353.58     709.60
391.296     713.87     353.58     709.60
391.516     713.87     353.58     709.60
391.736     713.87     353.58     709.60
391.955     713.87     353.58     709.60
392.175     713.87     353.58     709.60
392.394     713.87     353.58     709.60
392.614     713.87     353.58     709.60
392.834     713.87     353.58     709.60
393.053     713.87     353.58     709.60
393.274     713.87     353.58     709.60
393.497     713.87     353.58     709.60
393.718     713.87     353.58     709.60
393.938     713.87     353.58     709.60
394.158     713.87     353.58     709.60
394.377     713.87     353.58     709.60
394.597     713.87     353.58     709.60
394.816     713.87     353.58     709.60
395.034     713.87     353.58     709.60
395.253     713.87     353.58     709.60
395.473     713.87     353.58     709.60
395.693     713.87     353.58     709.60
395.912     713.87     353.58     709.60
396.132     713.87     353.58     709.60
396.353     713.87     353.58     709.60
396.573     713.87     353.58     709.60
396.795     713.87     353.58     709.60
397.021     713.87     353.58     709.60
397.245     713.87     353.58     709.60
397.467     713.87     353.58     709.60
397.687     713.87     353.58     709.60
397.907     713.87     353.58     709.60
398.127     713.87     353.58     709.60
398.346     713.87     353.58     709.60
398.565     713.87     353.58     709.60
398.785     713.87     353.58     709.60
399.005     713.87     353.58     709.60
399.225     713.87     353.58     709.60
399.444     713.87     353.58     709.60
399.664     713.87     353.58     709.60
399.884     713.87     353.58     709.60
400.103     713.87     353.58     709.60
400.323     713.87     353.58     709.60
400.544     713.87     353.58     709.60
400.764     713.87     353.58     709.60
400.985     713.87     353.58     709.60
401.205     713.87     353.58     709.60
401.424     713.87     353.58     709.60
401.645     713.87     353.58     709.60
401.865     713.87     353.58     709.60
402.086     713.87     353.58     709.60
402.307     713.87     353.58     709.60
402.529     713.87     353.58     709.60
402.750     713.87     353.58     709.60
402.971     713.87     353.58     709.60
403.191     713.87     353.58     709.60
403.411     713.87     353.58     709.60
403.631     713.87     353.58     709.60
403.851     713.87     353.58     709.60
404.071     713.87     353.58     709.60
404.290     713.87     353.58     709.60
404.510     713.87     353.58     709.60
404.731     713.87     353.58     709.60
404.951     713.87     353.58     709.60
405.171     713.87     353.58     709.60
405.394     713.87     353.58     709.60
405.618     713.87     353.58     709.60
405.840     713.87     353.58     709.60
406.062     713.87     353.58     709.60
406.283     713.87     353.58     709.60
406.504     713.87     353.58     709.60
406.725     713.87     353.58     709.60
406.945     713.87     353.58     709.60
407.165     713.87     353.58     709.60
407.385     713.87     353.58     709.60
407.604     713.87     353.58     709.60
407.824     713.87     353.58     709.60
408.042     713.87     353.58     709.60
408.261     713.87     353.58     709.60
408.480     713.87     353.58     709.60
408.699     713.87     353.58     709.60
408.919     713.87     353.58     709.60
409.138     713.87     353.58     709.60
409.357     713.87     353.58     709.60
409.576     713.87     353.58     709.60
409.795     713.87     353.58     709.60
410.015     713.87     353.58     709.60
410.235     713.87     353.58     709.60
410.455     713.87     353.58     709.60
410.676     713.87     353.58     709.60
410.895     713.87     353.58     709.60
411.117     713.87     353.58     709.60
411.341     713.87     353.58     709.60
411.565     713.87     353.58     709.60
411.787     713.87     353.58     709.60
412.015     713.87     353.58     709.60
412.251     713.87     353.58     709.60
412.485     713.87     353.58     709.60
412.712     713.87     353.58     709.60
412.934     713.87     353.58     709.60
413.154     713.87     353.58     709.60
413.374     713.87     353.58     709.60
413.595     713.87     353.58     709.60
413.816     713.87     353.58     709.60
414.036     713.87     353.58     709.60
414.255     713.87     353.58     709.60
414.474     713.87     353.58     709.60
414.694     713.87     353.58     709.60
414.913     713.87     353.58     709.60
415.131     713.87     353.58     709.60
415.350     713.87     353.58     709.60
415.569     713.87     353.58     709.60
415.789     713.87     353.58     709.60
416.009     713.87     353.58     709.60
416.229     713.87     353.58     709.60
416.449     713.87     353.58     709.60
416.669     713.87     353.58     709.60
416.889     713.87     353.58     709.60
417.107     713.87     353.58     709.60
417.326     713.87     353.58     709.60
417.546     713.87     353.58     709.60
417.765     713.87     353.58     709.60
417.984     713.87     353.58     709.60
418.204     713.87     353.58     709.60
418.424     713.87     353.58     709.60
418.644     713.87     353.58     709.60
418.864     713.87     353.58     709.60
419.084     713.87     353.58     709.60
419.303     713.87     353.58     709.60
419.521     713.87     353.58     709.60
419.741     713.87     353.58     709.60
419.960     713.87     353.58     709.60
420.179     713.87     353.58     709.60
420.398     713.87     353.58     709.60
420.618     713.87     353.58     709.60
420.838     713.87     353.58     709.64
421.058     713.87     353.58     709.64
421.277     713.87     353.58     709.64
421.497     713.87     353.58     709.64
421.717     713.87     353.58     709.64
421.936     713.87     353.58     709.64
422.155     713.87     353.58     709.64
422.373     713.87     353.58     709.64
422.593     713.87     353.58     709.64
422.810     713.87     353.58     709.64
423.025     713.87     353.58     709.64
423.244     713.87     353.58     709.64
423.463     713.87     353.58     709.64
423.683     713.87     353.58     709.64
423.903     713.87     353.58     709.64
424.122     713.87     353.58     709.64
424.341     713.87     353.58     709.64
424.561     713.87     353.58     709.64
424.780     713.87     353.58     709.64
425.000     713.87     353.58     709.64
425.219     713.87     353.58     709.64
425.441     713.87     353.58     709.64
425.665     713.87     353.58     709.64
425.889     713.87     353.58     709.64
426.116     713.87     353.58     709.64
426.343     713.87     353.58     709.64
426.570     713.87     353.58     709.64
426.796     713.87     353.58     709.64
427.019     713.87     353.58     709.64
427.239     713.87     353.58     709.64
427.461     713.87     353.58     709.64
427.684     713.87     353.58     709.64
427.906     713.87     353.58     709.64
428.126     713.87     353.58     709.64
428.348     713.87     353.58     709.64
428.571     713.87     353.58     709.64
428.794     713.87     353.58     709.64
429.016     713.87     353.58     709.64
429.236     713.87     353.58     709.64
429.456     713.87     353.58     709.64
429.675     713.87     353.58     709.64
429.900     713.87     353.58     709.64
430.126     713.87     353.58     709.64
430.349     713.87     353.58     709.64
430.570     713.87     353.58     709.64
430.791     713.87     353.58     709.64
431.012     713.87     353.58     709.64
431.232     713.87     353.58     709.64
431.452     713.87     353.58     709.64
431.673     713.87     353.58     709.64
431.892     713.87     353.58     709.64
432.112     713.87     353.58     709.64
432.331     713.87     353.58     709.64
432.554     713.87     353.58     709.64
432.779     713.87     353.58     709.64
433.004     713.87     353.58     709.64
433.228     713.87     353.58     709.64
433.449     713.87     353.58     709.64
433.674     713.87     353.58     709.64
433.904     713.87     353.58     709.64
434.134     713.87     353.58     709.64
434.364     713.87     353.58     709.64
434.597     713.87     353.58     709.64
434.829     713.87     353.58     709.64
435.061     713.87     353.58     709.64
435.294     713.87     353.58     709.64
435.525     713.87     353.58     709.64
435.755     713.87     353.58     709.64
435.988     713.87     353.58     709.64
436.221     713.87     353.58     709.64
436.454     713.87     353.58     709.64
436.687     713.87     353.58     709.64
436.921     713.87     353.58     709.64
437.154     713.87     353.58     709.64
437.385     713.87     353.58     709.64
437.616     713.87     353.58     709.64
437.850     713.87     353.58     709.64
438.080     713.87     353.58     709.64
438.311     713.87     353.58     709.64
438.543     713.87     353.58     709.64
438.775     713.87     353.58     709.64
439.007     713.87     353.58     709.64
439.238     713.87     353.58     709.64
439.467     713.87     353.58     709.64
439.695     713.87     353.58     709.64
439.926     713.87     353.58     709.64
440.159     713.87     353.58     709.64
440.390     713.87     353.58     709.64
440.622     713.87     353.58     709.64
440.855     713.87     353.58     709.64
441.086     713.87     353.58     709.64
441.316     713.87     353.58     709.64
441.550     713.87     353.58     709.64
441.782     713.87     353.58     709.64
442.014     713.87     353.58     709.64
442.244     713.87     353.58     709.64
442.472     713.87     353.58     709.64
442.699     713.87     353.58     709.64
442.930     713.87     353.58     709.64
443.163     713.87     353.58     709.64
443.394     713.87     353.58     709.64
443.624     713.87     353.58     709.64
443.856     713.87     353.58     709.64
444.084     713.87     353.58     709.64
444.315     713.87     353.58     709.64
444.548     713.87     353.58     709.64
444.781     713.87     353.58     709.64
445.013     713.87     353.58     709.64
445.244     713.87     353.58     709.64
445.472     713.87     353.58     709.64
445.699     713.87     353.58     709.64
445.930     713.87     353.58     709.64
446.163     713.87     353.58     709.64
446.394     713.87     353.58     709.64
446.626     713.87     353.58     709.64
446.860     713.87     353.58     709.64
447.090     713.87     353.58     709.64
447.321     713.87     353.58     709.64
447.554     713.87     353.58     709.64
447.786     713.87     353.58     709.64
448.018     713.87     353.58     709.64
448.248     713.87     353.58     709.64
448.476     713.87     353.58     709.64
448.704     713.87     353.58     709.64
448.934     713.87     353.58     709.64
449.166     713.87     353.58     709.64
449.396     713.87     353.58     709.64
449.626     713.87     353.58     709.64
449.859     713.87     353.58     709.64
450.089     713.87     353.58     709.64
450.320     713.87     353.58     709.64
450.554     713.87     353.58     709.64
450.786     713.87     353.58     709.64
451.018     713.87     353.58     709.64
451.249     713.87     353.58     709.64
451.478     713.87     353.58     709.64
451.706     713.87     353.58     709.64
451.936     713.87     353.58     709.64
452.168     713.87     396.51     709.87
452.395     713.87     396.51     709.87
452.616     713.87     396.51     709.87
452.834     713.87     396.51     709.87
453.055     713.87     396.51     709.87
453.281     713.87     573.12     618.40
453.508     713.87     573.12     618.40
453.733     713.87     573.12     618.40
453.956     713.87     573.12     618.40
454.181     713.87     573.12     618.40
454.409     713.87     573.12     618.40
454.635     713.87     573.12     618.40
454.860     713.87     573.12     618.40
455.084     713.87     573.12     618.40
455.307     713.87     573.12     618.40
455.530     713.87     573.12     618.40
455.753     713.87     573.12     618.40
455.977     713.87     573.12     618.40
456.201     713.87     573.12     618.40
456.424     713.87     573.12     618.40
456.648     713.87     573.12     618.40
456.871     713.87     573.12     618.40
457.093     713.87     573.12     618.40
457.313     713.87     573.12     618.40
457.534     713.87     573.12     618.40
457.756     713.87     573.12     618.40
457.986     713.87     573.12     618.40
458.224     713.87     573.12     618.40
458.458     713.87     573.12     618.40
458.685     713.87     573.12     618.40
458.910     713.87     573.12     618.40
459.133     713.87     573.12     618.40
459.356     713.87     573.12     618.40
459.577     713.87     573.12     618.40
459.799     713.87     573.12     618.40
460.021     713.87     573.12     618.40
460.243     713.87     573.12     618.40
460.464     713.87     573.12     618.40
460.688     713.87     573.12     618.40
460.911     713.87     573.12     618.40
461.133     713.87     573.12     618.40
461.354     713.87     573.12     618.40
461.575     713.87     573.12     618.40
461.797     713.87     573.12     618.40
462.018     713.87     573.12     618.40
462.229       6.01       3.61       4.95
462.430       6.01       3.61       4.95
462.632       6.01       3.61       4.95
462.834       6.01       3.61       4.95
463.035       6.01       3.61       4.95
463.237       6.01       3.61       4.95
463.438       6.01       3.61       4.95
463.640       6.01       3.61       4.95
463.841       6.01       3.61       4.95
464.043       6.01       3.61       4.95
464.244       6.01       3.61       4.95
464.446       6.01       3.61       4.95
464.647       6.01       3.61       4.95
464.849       6.01       3.61       4.95
465.050       6.01       3.61       4.95
465.252       6.01       3.61       4.95
465.453       6.01       3.61       4.95
ERROR: can't open /proc/2552906/smaps: No such file or directory at /scratchNVME/pg-tpch/wss.pl line 226.
