Watching PID 2548534 page references grow, output every 0.2 seconds...
Est(s)     RSS(MB)    PSS(MB)    Ref(MB)
0.208       396.75     394.35     304.32
0.428       713.90     710.34     623.34
0.653       713.91     708.75     624.92
0.878       713.91     708.54     624.92
1.101       713.91     708.32     624.92
1.320       713.91     708.13     625.59
1.540       713.91     707.91     625.59
1.761       713.91     707.69     625.59
1.982       713.91     707.47     625.59
2.201       713.91     707.25     625.59
2.419       713.91     707.04     625.59
2.638       713.91     706.85     625.59
2.868       713.91     706.41     625.72
3.104       713.91     706.19     625.72
3.330       713.91     705.97     625.72
3.551       713.91     705.75     625.72
3.772       713.91     705.57     625.72
3.998       713.91     705.35     625.73
4.225       713.91     705.13     625.73
4.449       713.91     704.91     625.73
4.671       713.91     704.50     625.73
4.892       713.91     704.29     625.73
5.120       713.91     680.87     625.73
5.349       713.91     671.63     625.73
5.574       713.91     669.86     625.73
5.801       713.91     669.26     625.73
6.031       713.91     668.99     625.73
6.260       713.91     668.73     625.73
6.488       713.91     668.24     625.73
6.718       713.91     668.01     625.73
6.947       713.91     667.74     625.73
7.176       713.91     667.50     625.73
7.403       713.91     667.24     625.73
7.629       713.91     667.00     625.73
7.858       713.91     666.74     625.73
8.090       713.91     666.25     625.73
8.318       713.91     666.02     625.73
8.543       713.91     665.75     625.73
8.768       713.91     665.48     625.73
8.996       713.91     665.25     625.73
9.226       713.91     664.98     625.73
9.456       713.91     664.74     625.73
9.685       713.91     664.47     625.73
9.912       713.91     663.99     625.73
10.139      713.91     663.72     625.73
10.366      713.91     663.49     625.73
10.594      713.91     663.25     625.73
10.823      713.91     662.92     625.73
11.050      713.91     662.41     625.73
11.275      713.91     661.79     625.73
11.500      713.91     661.14     625.73
11.729      713.91     660.79     625.73
11.958      713.91     660.49     625.73
12.186      713.91     660.22     625.73
12.413      713.91     659.96     625.73
12.643      713.91     659.69     625.73
12.872      713.91     659.42     625.73
13.100      713.91     659.22     625.73
13.326      713.91     658.73     625.73
13.553      713.91     658.47     625.73
13.782      713.91     658.25     625.73
14.010      713.91     658.06     625.73
14.236      713.91     657.84     625.73
14.461      713.91     657.62     625.73
14.689      713.91     657.41     625.73
14.918      713.91     656.97     625.73
15.146      713.91     656.78     625.73
15.373      713.91     656.56     625.73
15.600      713.91     656.34     625.73
15.829      713.91     656.12     625.73
16.058      713.91     655.91     625.73
16.287      713.91     655.52     625.73
16.516      713.91     654.86     625.73
16.746      713.91     654.38     625.73
16.975      713.91     653.23     625.73
17.201      713.91     652.47     625.73
17.426      713.91     652.00     625.73
17.653      713.91     651.60     625.73
17.882      713.91     651.17     625.73
18.112      713.91     650.70     625.73
18.338      713.91     649.13     625.73
18.566      713.91     648.59     625.73
18.795      713.91     648.12     625.73
19.025      713.91     647.66     625.73
19.254      713.91     647.22     625.73
19.483      713.91     646.27     625.73
19.713      713.91     645.30     625.73
19.942      713.91     644.64     625.73
20.169      713.91     644.21     625.73
20.394      713.91     643.74     625.73
20.620      713.91     643.30     625.73
20.847      713.91     642.01     625.73
21.076      713.91     641.38     625.73
21.303      713.91     640.95     625.73
21.530      713.91     640.48     625.73
21.758      713.91     639.82     625.73
21.988      713.91     639.24     625.73
22.218      713.91     637.98     625.73
22.447      713.91     637.52     625.73
22.676      713.91     637.04     625.73
22.905      713.91     636.57     625.73
23.132      713.91     636.09     625.73
23.357      713.91     635.01     625.73
23.584      713.91     634.04     625.73
23.813      713.91     633.57     625.73
24.042      713.91     633.09     625.73
24.271      713.91     632.62     625.73
24.501      713.91     632.08     625.73
24.730      713.91     630.83     625.73
24.959      713.91     630.04     625.73
25.188      713.91     629.60     625.73
25.414      713.91     629.13     625.73
25.642      713.91     628.73     625.73
25.870      713.91     627.92     625.73
26.096      713.91     626.85     625.73
26.321      713.91     626.34     625.73
26.549      713.91     625.88     625.73
26.779      713.91     625.25     625.73
27.009      713.91     624.72     625.73
27.238      713.91     623.70     625.73
27.467      713.91     622.87     625.73
27.696      713.91     622.39     625.73
27.925      713.91     621.99     625.73
28.153      713.91     621.51     625.73
28.382      713.91     620.28     625.73
28.612      713.91     619.33     625.73
28.841      713.91     618.86     625.73
29.068      713.91     618.42     625.73
29.294      713.91     617.98     625.73
29.521      713.91     617.31     625.73
29.751      713.91     616.09     625.73
29.978      713.91     615.33     625.73
30.206      713.91     614.92     625.73
30.433      713.91     614.46     625.73
30.658      713.91     613.95     625.73
30.886      713.91     612.78     625.73
31.115      713.91     612.03     625.73
31.345      713.91     611.58     625.73
31.574      713.91     611.13     625.73
31.804      713.91     610.45     625.73
32.034      713.91     609.56     625.73
32.263      713.91     608.49     625.73
32.492      713.91     608.05     625.73
32.721      713.91     607.61     625.73
32.951      713.91     607.18     625.73
33.179      713.91     606.63     625.73
33.408      713.91     605.09     625.73
33.637      713.91     604.55     625.73
33.866      713.91     604.08     625.73
34.095      713.91     603.60     625.73
34.324      713.91     603.13     625.73
34.554      713.91     601.91     625.73
34.784      713.91     601.17     625.73
35.013      713.91     600.51     625.73
35.243      713.91     600.03     625.73
35.470      713.91     599.55     625.73
35.698      713.91     598.67     625.73
35.926      713.91     597.62     625.73
36.153      713.91     597.19     625.73
36.382      713.91     596.71     625.73
36.612      713.91     595.98     625.73
36.841      713.91     595.26     625.73
37.068      713.91     594.24     625.73
37.296      713.57     593.37     625.73
37.523      713.57     592.93     625.73
37.751      713.57     592.47     625.73
37.981      713.57     592.08     625.73
38.210      713.57     591.14     625.73
38.439      713.57     590.09     625.73
38.666      713.57     589.55     625.73
38.894      713.57     589.13     625.73
39.123      713.57     588.70     625.73
39.353      713.57     588.27     625.73
39.582      713.57     587.59     625.73
39.812      713.57     586.41     625.73
40.041      713.57     585.75     625.73
40.268      713.57     585.34     625.73
40.496      713.57     584.91     625.73
40.727      713.57     584.51     625.73
40.957      713.57     583.92     625.73
41.186      713.57     583.15     625.73
41.413      713.57     582.21     625.73
41.641      713.57     581.57     625.73
41.869      713.57     581.14     625.73
42.094      713.57     580.71     625.73
42.321      713.57     580.16     625.73
42.549      713.57     579.39     625.73
42.779      713.57     578.49     625.73
43.009      713.57     578.02     625.73
43.239      713.57     577.38     625.73
43.466      713.57     576.95     625.73
43.694      713.57     576.46     625.73
43.922      713.57     575.78     625.73
44.147      713.57     574.83     625.73
44.375      713.57     574.27     625.73
44.605      713.57     573.80     625.73
44.835      713.57     573.15     625.73
45.062      713.57     572.62     625.73
45.290      713.57     571.94     625.73
45.521      713.57     571.04     625.73
45.751      713.57     570.45     625.73
45.982      713.57     569.95     625.73
46.211      713.57     569.52     625.73
46.441      713.57     568.85     625.73
46.669      713.57     568.13     625.73
46.895      713.57     567.29     625.73
47.122      713.57     566.65     625.73
47.352      713.57     566.19     625.73
47.583      713.57     565.76     625.73
47.813      713.57     565.29     625.73
48.042      713.57     564.58     625.73
48.270      713.57     563.59     625.73
48.497      713.57     562.88     625.73
48.726      713.57     562.38     625.73
48.954      713.57     561.95     625.73
49.184      713.57     561.48     625.73
49.412      713.57     560.84     625.73
49.640      713.57     559.99     625.73
49.869      713.57     559.05     625.73
50.094      713.57     558.57     625.73
50.322      713.57     558.14     625.73
50.549      713.57     557.64     625.73
50.777      713.57     557.02     625.73
51.007      713.57     556.19     625.73
51.237      713.57     555.50     625.73
51.465      713.57     554.76     625.73
51.691      713.57     554.29     625.73
51.917      713.57     553.80     625.73
52.142      713.57     553.28     625.73
52.370      713.57     552.45     625.73
52.601      713.57     551.67     625.73
52.831      713.57     551.18     625.73
53.060      713.57     550.75     625.73
53.287      713.57     550.07     625.73
53.514      713.57     549.54     625.73
53.745      713.57     548.71     625.73
53.975      713.57     547.93     625.73
54.205      713.57     547.38     625.73
54.436      713.57     546.91     625.73
54.665      713.57     546.47     625.73
54.891      713.57     545.76     625.73
55.119      713.57     544.90     625.73
55.347      713.57     544.19     625.73
55.576      713.57     543.61     625.73
55.807      713.57     543.15     625.73
56.037      713.57     542.71     625.73
56.265      713.57     542.22     625.73
56.491      713.57     541.23     625.73
56.720      713.57     540.49     625.73
56.951      713.57     539.83     625.73
57.181      713.57     539.38     625.73
57.409      713.57     538.95     625.73
57.637      713.57     538.46     625.73
57.866      713.57     537.77     625.73
58.093      713.57     536.75     625.73
58.321      713.57     536.07     625.73
58.552      713.57     535.57     625.73
58.783      713.57     535.15     625.73
59.016      713.57     534.66     625.79
59.249      713.57     533.97     625.79
59.480      713.57     533.23     625.79
59.706      713.57     532.27     625.79
59.935      713.57     531.81     625.79
60.165      713.57     531.39     625.79
60.393      713.57     530.89     625.79
60.622      711.34     528.19     625.13
60.853      711.34     527.31     625.13
61.082      711.34     526.64     625.13
61.308      711.34     525.82     625.13
61.535      711.34     525.37     625.13
61.765      711.34     524.88     625.13
61.996      711.34     524.38     625.13
62.227      711.34     523.51     625.13
62.457      706.66     518.22     625.13
62.687      700.74     512.03     695.46
62.914      700.74     511.59     695.46
63.141      700.70     511.37     695.42
63.367      700.70     511.15     695.42
63.593      700.70     510.92     695.42
63.820      700.70     510.73     695.42
64.046      700.57     510.45     695.29
64.269      544.95     366.26     539.66
64.489      469.04     290.26     463.75
64.706      417.11     238.30     411.82
64.922      376.93     198.10     371.62
65.137      323.04     144.20     317.73
65.350      318.33     139.48     313.00
65.565      318.33     139.45     313.00
65.780      318.33     139.43     312.99
65.994      318.33     139.40     312.98
66.208      318.33     139.38     312.98
66.421      318.33     139.36     312.96
66.635      318.33     139.34     312.93
66.849      318.33     139.32     312.86
67.063      318.33     139.30     312.86
67.276      318.33     139.30     312.86
67.489      318.33     139.30     312.86
67.702      318.33     139.30     312.86
67.915      318.33     139.30     312.86
68.128      318.33     139.30     312.86
68.342      318.33     139.30     312.86
68.555      318.33     139.30     312.86
68.769      318.33     139.30     312.86
68.983      318.33     139.30     312.86
69.195      318.33     139.30     312.86
69.408      318.33     139.30     312.86
69.621      318.33     139.30     312.86
69.834      318.33     139.30     312.86
70.047      318.33     139.30     312.85
70.260      318.33     139.30     312.85
70.473      318.33     139.30     312.85
70.686      318.33     139.30     312.85
70.899      318.33     139.30     312.85
71.113      318.33     139.30     312.85
71.325      318.33     139.30     312.85
71.539      318.33     139.30     312.85
71.752      318.33     139.30     312.85
71.966      318.33     139.30     312.83
72.178      318.33     139.30     312.83
72.392      318.33     139.30     312.83
72.606      318.33     139.30     312.83
72.820      318.33     139.30     312.83
73.034      318.33     139.30     312.83
73.247      318.33     139.30     312.83
73.461      318.33     139.30     312.83
73.675      318.33     139.30     312.83
73.889      318.33     139.30     312.83
74.102      318.33     139.30     312.83
74.316      318.33     139.30     312.83
74.530      318.33     139.30     312.83
74.744      318.33     139.30     312.83
74.958      318.33     139.30     312.82
75.172      318.33     139.29     312.80
75.387      318.33     139.29     312.80
75.602      318.33     139.29     312.80
75.816      318.32     139.28     312.80
76.028      318.27     139.27     312.80
76.242      318.25     139.27     312.80
76.455      318.25     139.27     312.80
76.671      318.26     245.81     313.95
76.884      318.26     245.81     313.95
77.094      318.26     245.81     313.95
77.303      318.26     245.81     313.95
77.512      318.26     245.81     313.95
77.727      318.26     245.81     313.95
77.941      318.26     245.81     313.95
78.151      318.26     245.81     313.95
78.360      318.26     245.81     313.95
78.569      318.26     245.81     313.95
78.779      318.26     245.81     313.95
78.990      318.26     245.81     313.95
79.199      318.26     245.81     313.95
79.408      318.26     245.81     313.95
79.618      318.26     245.81     313.95
79.827      318.26     245.81     313.95
80.036      318.26     245.81     313.95
80.245      318.26     245.81     313.95
80.455      318.26     245.81     313.95
80.664      318.26     245.81     313.95
80.873      318.26     245.81     313.95
81.083      318.26     245.81     313.95
81.292      318.26     245.81     313.95
81.501      318.26     245.81     313.95
81.710      318.26     245.81     313.95
81.919      318.26     245.81     313.95
82.129      318.26     245.81     313.95
82.338      318.26     245.81     313.95
82.550      318.26     245.81     313.95
82.766      318.26     245.81     313.95
82.979      318.26     245.81     313.95
83.188      318.26     245.81     313.95
83.398      318.26     245.81     313.95
83.607      318.26     245.81     313.95
83.817      318.26     245.81     313.95
84.027      318.26     245.81     313.95
84.236      318.26     245.81     313.95
84.446      318.26     245.81     313.95
84.655      318.26     245.81     313.95
84.864      318.26     245.81     313.95
85.073      318.26     245.81     313.95
85.282      318.26     245.81     313.95
85.492      318.26     245.81     313.95
85.701      318.26     245.81     313.95
85.910      318.26     245.81     313.95
86.119      318.26     245.81     313.95
86.328      318.26     245.81     313.95
86.537      318.26     245.81     313.95
86.749      318.27     246.63     314.25
86.960      318.27     246.63     314.25
87.168      318.27     246.57     314.25
87.373        6.00       3.60       4.82
87.575        6.00       3.60       4.82
87.777        6.00       3.60       4.82
87.978        6.00       3.60       4.82
88.180        6.00       3.60       4.82
88.381        6.00       3.60       4.82
88.583        6.00       3.60       4.82
88.785        6.00       3.60       4.82
ERROR: can't open /proc/2548534/smaps: No such file or directory at /scratchNVME/pg-tpch/wss.pl line 226.
