Watching PID 2990232 page references grow, output every 0.2 seconds...
Est(s)     RSS(MB)    PSS(MB)    Ref(MB)
0.207       367.88     365.28     291.86
0.426       714.00     711.39     640.38
0.649       714.10     708.95     642.44
0.870       714.10     708.51     642.44
1.091       714.10     708.29     642.44
1.314       714.10     708.08     642.54
1.538       714.10     707.86     642.54
1.761       714.10     707.67     642.54
1.981       714.10     707.45     642.54
2.200       714.10     707.23     642.54
2.419       714.10     707.02     642.54
2.637       714.10     706.80     642.54
2.855       714.10     706.58     642.54
3.073       714.10     706.17     642.54
3.292       714.10     705.95     642.54
3.511       714.10     705.73     642.54
3.728       714.10     705.52     642.54
3.946       714.10     705.33     642.54
4.164       714.10     705.11     642.54
4.382       714.10     704.89     642.54
4.601       714.10     704.67     642.54
4.820       714.10     704.45     642.54
5.040       714.10     685.97     642.55
5.268       714.10     669.08     642.55
5.499       714.10     668.17     642.55
5.728       714.10     667.84     642.55
5.955       714.10     667.56     642.55
6.183       714.10     667.25     642.55
6.413       714.10     667.00     642.55
6.643       714.10     666.69     642.55
6.872       714.10     666.42     642.55
7.100       714.10     665.89     642.55
7.326       714.10     665.60     642.55
7.555       714.10     665.35     642.55
7.785       714.10     665.04     642.55
8.014       714.10     664.76     642.55
8.242       714.10     664.45     642.55
8.468       714.10     663.86     642.55
8.696       714.10     662.99     642.55
8.924       714.10     662.46     642.55
9.152       714.10     662.12     642.55
9.380       714.10     661.80     642.55
9.606       714.10     661.52     642.55
9.831       714.10     661.24     642.55
10.056      714.10     660.97     642.55
10.285      714.10     660.66     642.55
10.517      714.10     660.16     642.55
10.748      714.10     659.87     642.55
10.976      714.10     659.59     642.55
11.204      714.10     659.31     642.55
11.433      714.10     659.00     642.55
11.661      714.10     658.72     642.55
11.889      714.10     658.42     642.55
12.114      714.10     657.95     642.55
12.340      714.10     657.57     642.55
12.568      714.10     656.95     642.55
12.799      714.10     656.29     642.55
13.029      714.10     655.89     642.55
13.259      714.10     655.51     642.55
13.489      714.10     655.20     642.55
13.719      714.10     654.71     642.55
13.949      714.10     654.40     642.55
14.179      714.10     654.11     642.55
14.409      714.10     653.87     642.55
14.639      714.10     653.55     642.55
14.866      714.10     653.27     642.55
15.094      714.10     652.96     642.55
15.324      714.10     652.46     642.55
15.552      714.10     652.18     642.55
15.780      714.10     651.90     642.55
16.010      714.10     651.59     642.55
16.238      714.10     651.28     642.55
16.464      714.10     650.84     642.55
16.693      714.10     650.22     642.55
16.921      714.10     649.69     642.55
17.147      714.10     649.00     642.55
17.375      714.10     648.66     642.55
17.604      714.10     648.35     642.55
17.832      714.10     648.10     642.55
18.060      714.10     647.79     642.55
18.288      714.10     647.51     642.55
18.518      714.10     647.23     642.55
18.745      714.10     646.70     642.55
18.973      714.10     646.45     642.55
19.203      714.10     646.14     642.55
19.431      714.10     645.85     642.55
19.659      714.10     645.55     642.55
19.887      714.10     645.27     642.55
20.113      714.10     644.99     642.55
20.339      714.10     644.65     642.55
20.567      714.10     643.99     642.55
20.796      714.10     643.33     642.55
21.024      714.10     642.90     642.55
21.249      714.10     642.37     642.55
21.478      714.10     642.06     642.55
21.708      714.10     641.78     642.55
21.935      714.10     641.47     642.55
22.163      714.10     640.97     642.55
22.391      714.10     640.69     642.55
22.618      714.10     640.41     642.55
22.845      714.10     640.09     642.55
23.075      714.10     639.82     642.55
23.303      714.10     639.51     642.55
23.531      714.10     639.23     642.55
23.761      714.10     638.76     642.55
23.989      714.10     638.45     642.55
24.217      714.10     638.17     642.55
24.446      714.10     637.73     642.55
24.674      714.10     637.23     642.55
24.901      714.10     636.70     642.55
25.127      714.10     636.20     642.55
25.353      714.10     635.74     642.55
25.581      714.10     635.21     642.55
25.811      714.10     634.93     642.55
26.041      714.10     634.65     642.55
26.271      714.10     634.37     642.55
26.499      714.10     634.05     642.55
26.727      714.10     633.77     642.55
26.957      714.10     633.46     642.55
27.186      714.10     632.99     642.55
27.417      714.10     632.68     642.55
27.645      714.10     632.41     642.55
27.871      714.10     632.09     642.55
28.097      714.10     631.81     642.55
28.325      714.10     631.53     642.55
28.553      714.10     631.03     642.55
28.781      714.10     630.31     642.55
29.012      714.10     629.78     642.55
29.242      714.10     629.25     642.55
29.472      714.10     628.87     642.55
29.702      714.10     628.59     642.55
29.930      714.10     628.28     642.55
30.159      714.10     628.01     642.55
30.387      714.10     627.48     642.55
30.613      714.10     627.23     642.55
30.839      714.10     626.95     642.55
31.065      714.10     626.64     642.55
31.292      714.10     626.35     642.55
31.521      714.10     626.04     642.55
31.752      714.10     625.79     642.55
31.980      714.10     625.48     642.55
32.208      714.10     624.99     642.55
32.436      714.10     624.58     642.55
32.665      714.10     624.08     642.55
32.893      714.10     623.62     642.55
33.121      714.10     623.18     642.55
33.348      714.10     622.68     642.55
33.576      714.10     622.24     642.55
33.806      714.10     621.74     642.55
34.036      714.10     621.46     642.55
34.266      714.10     621.18     642.55
34.494      714.10     620.87     642.55
34.721      714.10     620.58     642.55
34.948      714.10     620.28     642.55
35.176      714.10     620.00     642.55
35.405      714.10     619.50     642.55
35.631      714.10     619.22     642.55
35.857      714.10     618.94     642.55
36.086      714.10     618.62     642.55
36.316      714.10     618.38     642.55
36.545      714.10     617.78     642.55
36.774      714.10     617.31     642.55
37.002      714.10     616.84     642.55
37.231      714.10     616.19     642.55
37.461      714.10     615.79     642.55
37.692      714.10     615.42     642.55
37.920      714.10     615.10     642.55
38.146      714.10     614.82     642.55
38.374      714.10     614.54     642.55
38.605      714.10     614.23     642.55
38.835      714.10     613.76     642.55
39.063      714.10     613.45     642.55
39.291      714.10     613.17     642.55
39.521      714.10     612.85     642.55
39.751      714.10     612.57     642.55
39.980      714.10     612.29     642.55
40.208      714.10     612.01     642.55
40.437      714.10     611.42     642.55
40.663      714.10     610.85     642.55
40.889      714.10     610.37     642.55
41.118      714.10     609.99     642.55
41.346      714.10     609.52     642.55
41.575      714.10     609.11     642.55
41.806      714.10     608.77     642.55
42.036      714.10     608.27     642.55
42.266      714.10     607.99     642.55
42.494      714.10     607.68     642.55
42.723      714.10     607.40     642.55
42.951      714.10     607.08     642.55
43.180      714.10     606.80     642.55
43.409      714.10     606.52     642.55
43.636      714.10     606.02     642.55
43.863      714.10     605.71     642.55
44.089      714.10     605.43     642.55
44.318      714.10     605.06     642.55
44.547      714.10     604.66     642.55
44.777      714.10     604.09     642.55
45.006      714.10     603.66     642.55
45.235      714.10     603.19     642.55
45.466      714.10     602.56     642.55
45.697      714.10     602.25     642.55
45.925      714.10     601.91     642.55
46.151      714.10     601.62     642.55
46.380      714.10     601.31     642.55
46.611      714.10     601.03     642.55
46.841      714.10     600.75     642.55
47.070      714.10     600.25     642.55
47.297      714.10     599.94     642.55
47.525      714.10     599.66     642.55
47.756      714.10     599.34     642.55
47.985      714.10     599.09     642.55
48.214      714.10     598.73     642.55
48.442      714.10     598.38     642.55
48.668      714.10     597.60     642.55
48.894      714.10     597.17     642.55
49.123      714.10     596.73     642.55
49.352      714.10     596.26     642.55
49.581      714.10     595.89     642.55
49.812      714.10     595.54     642.55
50.044      714.10     595.26     642.55
50.275      714.10     594.76     642.55
50.506      714.10     594.48     642.55
50.737      714.10     594.17     642.55
50.965      714.10     593.89     642.55
51.194      714.10     593.57     642.55
51.423      714.10     593.32     642.55
51.650      714.10     593.01     642.55
51.876      714.10     592.51     642.55
52.102      714.10     592.21     642.55
52.329      714.10     591.83     642.62
52.557      714.10     591.49     642.62
52.787      714.10     590.93     642.62
53.016      714.10     590.40     642.62
53.243      714.10     589.99     642.62
53.472      714.10     589.55     642.62
53.703      714.10     588.99     642.62
53.933      714.10     588.71     642.62
54.160      714.10     588.40     642.62
54.389      714.10     588.12     642.62
54.621      714.10     587.80     642.62
54.852      714.10     587.55     642.62
55.081      714.10     587.24     642.62
55.308      714.10     586.75     642.62
55.537      714.10     586.44     642.62
55.768      714.10     586.16     642.62
55.997      714.10     585.87     642.62
56.226      714.10     585.59     642.62
56.457      714.10     585.09     642.62
56.688      714.10     584.62     642.62
56.919      714.10     583.91     642.62
57.147      714.10     583.53     642.62
57.376      714.10     582.97     642.62
57.607      714.10     582.62     642.62
57.838      714.10     582.34     642.62
58.067      714.10     582.03     642.62
58.295      714.10     581.56     642.62
58.524      714.10     581.25     642.62
58.753      714.10     580.97     642.62
58.982      714.10     580.66     642.62
59.213      714.10     580.37     642.62
59.442      714.10     580.09     642.62
59.668      714.10     579.81     642.62
59.895      714.10     579.50     642.62
60.124      714.10     579.00     642.62
60.354      714.10     578.56     642.62
60.582      714.10     578.17     641.81
60.808      714.10     577.57     641.81
61.037      714.10     577.23     641.81
61.268      714.10     576.70     641.81
61.499      714.10     576.26     641.81
61.727      714.10     575.79     641.81
61.954      714.10     575.48     641.81
62.184      714.10     575.20     641.81
62.416      714.10     574.88     641.81
62.645      714.10     574.60     641.81
62.872      714.10     574.29     641.81
63.099      714.10     574.04     641.81
63.326      714.10     573.51     641.81
63.553      714.10     573.23     641.81
63.782      714.10     572.92     641.81
64.011      714.10     572.63     641.81
64.241      714.10     572.26     641.81
64.470      714.10     571.92     641.81
64.700      714.10     571.42     641.81
64.931      714.10     570.63     641.81
65.160      714.10     570.20     641.81
65.390      714.10     569.71     641.81
65.621      714.10     569.40     641.81
65.852      714.10     569.12     641.81
66.081      714.10     568.80     641.81
66.308      714.10     568.52     641.81
66.537      714.10     568.02     641.81
66.768      714.10     567.74     641.81
66.998      714.10     567.46     641.81
67.228      714.10     567.15     641.81
67.459      714.10     566.87     641.81
67.688      714.10     566.58     641.81
67.915      714.10     566.30     641.81
68.144      714.10     565.68     641.81
68.373      714.10     565.33     641.81
68.602      714.10     564.83     641.81
68.834      714.10     564.33     641.81
69.066      714.10     563.90     641.81
69.295      714.10     563.43     641.81
69.525      714.10     563.02     641.81
69.756      714.10     562.55     641.81
69.988      714.10     562.24     641.81
70.219      714.10     561.96     641.81
70.449      714.10     561.65     641.81
70.676      714.10     561.36     641.81
70.902      714.10     561.05     641.81
71.131      714.10     560.80     641.81
71.361      714.10     560.27     641.81
71.592      714.10     560.00     641.81
71.823      714.10     559.69     641.81
72.055      714.10     559.37     641.81
72.287      714.10     558.96     641.81
72.520      714.10     558.55     641.81
72.753      714.10     557.93     641.81
72.984      714.10     557.40     641.81
73.214      714.10     556.77     641.81
73.444      714.10     556.46     641.81
73.671      714.10     556.15     641.81
73.898      714.10     555.87     641.81
74.128      714.10     555.56     641.81
74.359      714.10     555.28     641.81
74.590      714.10     554.78     641.81
74.822      714.10     554.50     641.81
75.053      714.10     554.19     641.81
75.285      714.10     553.91     641.81
75.516      714.10     553.59     641.81
75.748      714.10     553.34     641.81
75.977      714.10     552.75     641.81
76.206      714.10     552.34     641.81
76.435      714.10     551.94     641.81
76.662      714.10     551.47     641.81
76.889      714.10     551.03     641.81
77.119      714.10     550.50     641.81
77.351      714.10     550.09     641.81
77.583      714.10     549.56     641.81
77.814      714.10     549.28     641.81
78.044      714.10     549.00     641.81
78.274      714.10     548.72     641.81
78.506      714.10     548.41     641.81
78.736      714.10     548.12     641.81
78.964      714.10     547.81     641.81
79.195      714.10     547.34     641.81
79.424      714.10     547.03     641.81
79.654      714.10     546.75     641.81
79.884      714.10     546.34     641.81
80.114      714.10     546.00     641.81
80.346      714.10     545.66     641.81
80.578      714.10     545.16     641.81
80.809      714.10     544.44     641.81
81.041      714.10     543.91     641.81
81.273      714.10     543.50     641.81
81.505      714.10     543.22     641.81
81.737      714.10     542.91     641.81
81.966      714.10     542.62     641.81
82.193      714.10     542.09     641.81
82.420      714.10     541.81     641.81
82.650      714.10     541.53     641.81
82.881      714.10     541.25     641.81
83.112      714.10     540.94     641.81
83.345      714.10     540.66     641.81
83.577      714.10     540.34     641.81
83.808      714.10     539.75     641.81
84.040      714.10     539.41     641.81
84.273      714.10     539.00     641.81
84.507      714.10     538.56     641.81
84.740      714.10     537.99     641.81
84.971      714.10     537.55     641.81
85.201      714.10     537.08     641.81
85.431      714.10     536.58     641.81
85.661      714.10     536.28     641.81
85.891      714.10     535.99     641.81
86.119      714.10     535.71     641.81
86.348      714.10     535.44     641.81
86.578      714.10     535.11     641.81
86.807      714.10     534.84     641.81
87.039      714.10     534.31     641.81
87.271      714.10     534.05     641.81
87.503      714.10     533.74     641.81
87.735      714.10     533.33     641.81
87.966      714.10     532.96     641.81
88.195      714.10     532.62     641.81
88.422      714.10     531.93     641.81
88.651      714.10     531.46     641.81
88.883      714.10     530.93     641.81
89.112      714.10     530.49     641.81
89.342      714.10     530.18     641.81
89.575      714.10     529.93     641.81
89.808      714.10     529.61     641.81
90.040      714.10     529.12     641.81
90.272      714.10     528.80     641.81
90.505      714.10     528.52     641.81
90.737      714.10     528.24     641.81
90.968      714.10     527.96     641.81
91.197      714.10     527.65     641.81
91.424      714.10     527.37     641.81
91.654      714.10     526.77     641.81
91.884      714.10     526.40     641.81
92.115      714.10     526.02     641.81
92.348      714.10     525.52     641.81
92.581      714.10     525.02     641.81
92.813      714.10     524.58     641.81
93.047      714.10     523.96     641.81
93.280      714.10     523.61     641.81
93.513      714.10     523.30     641.81
93.743      714.10     522.99     641.81
93.972      714.10     522.71     641.81
94.201      714.10     522.43     641.81
94.430      714.10     522.15     641.81
94.662      714.10     521.62     641.81
94.892      714.10     521.33     641.81
95.123      714.10     521.02     641.81
95.355      714.10     520.77     641.81
95.588      714.10     520.33     641.81
95.820      714.10     519.99     641.81
96.049      714.10     519.40     641.81
96.279      714.10     518.87     641.81
96.512      714.10     518.32     641.81
96.744      714.10     517.92     641.81
96.975      714.10     517.51     641.81
97.203      714.10     517.23     641.81
97.432      714.10     516.89     641.81
97.664      714.10     516.42     641.81
97.894      714.10     516.10     641.81
98.124      714.10     515.82     641.81
98.357      714.10     515.51     641.81
98.589      714.10     515.23     641.81
98.822      714.10     514.95     641.81
99.052      714.10     514.67     642.03
99.282      714.10     514.10     642.03
99.514      714.10     513.76     642.03
99.747      714.10     513.35     642.03
99.977      714.10     512.98     642.03
100.205     714.10     512.45     642.03
100.433     714.10     511.92     642.03
100.663     714.10     511.51     642.03
100.893     714.10     510.92     642.03
101.123     714.10     510.63     642.03
101.356     714.10     510.29     642.03
101.588     714.10     510.01     642.03
101.820     714.10     509.70     642.03
102.050     714.10     509.41     642.03
102.279     714.10     508.91     642.03
102.511     714.10     508.62     642.03
102.744     714.10     508.31     642.03
102.975     714.10     508.03     642.03
103.204     714.10     507.69     642.03
103.432     714.10     507.34     642.03
103.662     714.10     506.97     642.03
103.892     714.10     506.31     642.03
104.123     714.10     505.75     642.03
104.356     714.10     505.28     642.03
104.588     714.10     504.91     642.03
104.821     714.10     504.53     642.03
105.051     714.10     504.22     642.03
105.281     714.10     503.91     642.03
105.514     714.10     503.38     642.03
105.746     714.10     503.09     642.03
105.976     714.10     502.81     642.03
106.204     714.10     502.50     642.03
106.432     714.10     502.22     642.03
106.662     714.10     501.91     642.03
106.893     714.10     501.44     642.03
107.121     714.10     501.06     642.03
107.351     714.10     500.69     642.03
107.584     714.10     500.30     642.03
107.817     714.10     499.87     642.03
108.048     714.10     499.36     642.03
108.279     714.10     498.86     642.03
108.512     714.10     498.24     642.03
108.742     714.10     497.90     642.03
108.972     714.10     497.58     642.03
109.204     714.10     497.30     642.03
109.432     714.10     496.99     642.03
109.663     714.10     496.71     642.03
109.893     714.10     496.40     642.03
110.121     714.10     495.90     642.03
110.351     714.10     495.62     642.03
110.581     714.10     495.33     642.03
110.811     714.10     494.99     642.03
111.043     714.10     494.65     642.03
111.272     714.10     494.30     642.03
111.502     714.10     493.90     642.03
111.732     714.10     493.21     642.03
111.962     714.10     492.65     642.03
112.195     714.10     492.24     642.03
112.426     714.10     491.82     642.03
112.656     714.10     491.51     642.03
112.887     714.10     491.20     642.03
113.114     714.10     490.67     642.03
113.343     714.10     490.35     642.03
113.575     714.10     490.07     642.03
113.808     714.10     489.79     642.03
114.041     714.10     489.51     642.03
114.274     714.10     489.20     642.03
114.507     714.10     488.88     642.03
114.740     714.10     488.35     642.03
114.973     714.10     488.01     642.03
115.205     714.10     487.70     642.03
115.436     714.10     487.20     642.03
115.667     714.10     486.73     642.03
115.898     714.10     486.26     642.03
116.126     714.10     485.85     642.03
116.357     714.10     485.17     642.03
116.590     714.10     484.89     642.03
116.823     714.10     484.56     642.03
117.056     714.10     484.25     642.03
117.289     714.10     483.97     642.03
117.522     714.10     483.69     642.03
117.755     714.10     483.16     642.03
117.986     714.10     482.87     642.03
118.215     714.10     482.56     642.03
118.444     714.10     482.28     642.03
118.674     714.10     481.94     642.03
118.904     714.10     481.59     642.03
119.132     714.10     481.25     642.03
119.363     714.10     480.53     642.03
119.596     714.10     480.09     642.03
119.826     714.10     479.56     642.03
120.057     714.10     479.12     642.03
120.290     714.10     478.74     642.03
120.523     714.10     478.46     642.03
120.756     714.10     477.93     642.84
120.986     714.10     477.86     642.84
121.216     714.10     477.77     642.84
121.444     714.10     477.71     642.84
121.675     714.10     477.61     642.84
121.905     714.10     477.55     642.84
122.133     714.10     477.43     642.84
122.363     714.10     477.33     642.84
122.596     714.10     477.21     642.84
122.829     714.10     477.05     642.84
123.062     714.10     476.92     642.84
123.295     714.10     476.64     642.84
123.528     714.10     476.38     642.84
123.756     714.10     476.10     642.84
123.985     714.10     475.88     642.84
124.217     714.10     475.76     642.84
124.447     714.10     475.70     642.84
124.677     714.10     475.60     642.84
124.907     714.10     475.51     642.84
125.135     714.10     475.42     642.84
125.365     714.10     475.35     642.84
125.598     714.10     475.26     642.84
125.830     714.10     475.17     642.84
126.063     714.10     475.09     642.84
126.295     714.10     474.90     642.84
126.528     714.10     474.84     642.84
126.761     714.10     474.69     642.84
126.993     714.10     474.50     642.84
127.223     714.10     474.19     642.84
127.452     714.10     473.94     642.84
127.683     714.10     473.69     642.84
127.913     714.10     473.50     642.84
128.143     714.10     473.41     642.84
128.376     714.10     473.31     642.84
128.609     714.10     473.22     642.84
128.842     714.10     473.11     642.84
129.076     714.10     473.05     642.84
129.309     714.10     472.96     642.84
129.542     714.10     472.90     642.84
129.775     714.10     472.80     642.84
130.005     714.10     472.68     642.84
130.234     714.10     472.55     642.84
130.462     714.10     472.43     642.84
130.693     714.10     472.30     642.84
130.925     714.10     472.05     642.84
131.158     714.10     471.74     642.84
131.390     714.10     471.49     642.84
131.623     714.10     471.26     642.84
131.856     714.10     471.10     642.84
132.088     714.10     471.04     642.84
132.322     714.10     470.95     642.84
132.556     714.10     470.85     642.84
132.789     714.10     470.76     642.84
133.022     714.10     470.70     642.84
133.256     714.10     470.60     642.84
133.489     714.10     470.51     642.84
133.721     714.10     470.38     642.84
133.954     714.10     470.29     642.84
134.187     714.10     470.16     642.84
134.420     714.10     470.03     642.84
134.653     714.10     469.91     642.84
134.886     714.10     469.56     642.84
135.118     714.10     469.28     642.84
135.351     714.10     469.09     642.84
135.584     714.10     468.87     642.84
135.816     714.10     468.75     642.84
136.048     714.10     468.62     642.84
136.281     714.10     468.56     642.84
136.514     714.10     468.46     642.84
136.746     714.10     468.39     642.84
136.978     714.10     468.30     642.84
137.211     714.10     468.24     642.84
137.443     714.10     468.14     642.84
137.676     714.10     468.02     642.84
137.909     714.10     467.90     642.84
138.143     714.10     467.77     642.84
138.372     714.10     467.68     642.84
138.601     714.10     467.52     642.84
138.834     714.10     467.15     642.84
139.067     714.10     466.86     642.84
139.299     714.10     466.60     642.84
139.530     714.10     466.48     642.84
139.763     714.10     466.38     642.84
139.996     714.10     466.26     642.84
140.229     714.10     466.20     642.84
140.462     714.10     466.10     642.84
140.693     714.10     466.04     642.84
140.924     714.10     465.95     642.84
141.157     714.10     465.88     642.84
141.390     714.10     465.76     642.84
141.623     714.10     465.67     642.84
141.855     714.10     465.51     642.84
142.088     714.10     465.37     642.84
142.321     714.10     465.25     642.84
142.553     714.10     465.03     642.84
142.786     714.10     464.69     642.84
143.020     714.10     464.44     642.84
143.255     714.10     464.25     642.84
143.489     714.10     464.12     642.84
143.722     714.10     464.03     642.84
143.953     714.10     463.94     642.84
144.183     714.10     463.84     642.84
144.417     714.10     463.75     642.84
144.651     714.10     463.66     642.84
144.884     714.10     463.59     642.84
145.118     714.10     463.46     642.84
145.351     714.10     463.40     642.84
145.584     714.10     463.24     642.84
145.817     714.10     463.12     642.84
146.050     714.10     463.02     642.84
146.284     714.10     462.77     642.84
146.517     714.10     462.55     642.84
146.749     714.10     462.27     642.84
146.980     714.10     462.05     642.84
147.210     714.10     461.87     642.84
147.444     714.10     461.74     642.84
147.677     714.10     461.64     642.84
147.908     714.10     461.54     642.84
148.139     714.10     461.45     642.84
148.373     714.10     461.39     642.84
148.606     714.10     461.29     642.84
148.839     714.10     461.20     642.84
149.072     714.10     461.11     642.84
149.303     714.10     461.01     642.84
149.534     714.10     460.89     642.84
149.767     714.10     460.76     642.84
150.000     714.10     460.54     642.84
150.233     714.10     460.35     642.84
150.467     714.10     460.14     642.84
150.699     714.10     459.88     642.84
150.932     714.10     459.66     642.84
151.165     714.10     459.47     642.84
151.398     714.10     459.38     642.84
151.631     714.10     459.28     642.84
151.863     714.10     459.19     642.84
152.096     714.10     459.09     642.84
152.329     714.10     459.03     642.84
152.561     714.10     458.91     642.84
152.794     714.10     458.81     642.84
153.027     714.10     458.75     642.84
153.261     714.10     458.65     642.84
153.495     714.10     458.49     642.84
153.729     714.10     458.30     642.84
153.962     714.10     458.15     642.84
154.195     714.10     457.90     642.84
154.429     714.10     457.68     642.84
154.662     714.10     457.49     642.84
154.892     714.10     457.27     642.84
155.123     714.10     457.08     642.84
155.357     714.10     457.02     642.84
155.591     714.10     456.90     642.84
155.824     714.10     456.80     642.84
156.057     714.10     456.74     642.84
156.290     714.10     456.62     642.84
156.523     714.10     456.54     642.84
156.756     714.10     456.45     642.84
156.988     714.10     456.39     642.84
157.222     714.10     456.26     642.84
157.455     714.10     456.07     642.84
157.688     714.10     455.95     642.84
157.918     714.10     455.73     642.84
158.148     714.10     455.54     642.84
158.381     714.10     455.32     642.84
158.614     714.10     455.07     642.84
158.848     714.10     454.86     642.84
159.082     714.10     454.73     642.84
159.313     714.10     454.59     642.84
159.544     714.10     454.53     642.84
159.777     714.10     454.44     642.84
160.010     714.10     454.38     642.84
160.243     714.10     454.25     642.84
160.476     714.10     454.19     642.84
160.707     714.10     454.09     642.84
160.934     714.10     454.03     642.84
161.165     714.10     453.84     642.84
161.399     714.10     453.72     642.84
161.632     714.10     453.56     642.84
161.865     714.10     453.34     642.84
162.097     714.10     453.16     642.84
162.330     714.10     452.91     642.84
162.562     714.10     452.66     642.84
162.793     714.10     452.47     642.84
163.026     714.10     452.38     642.84
163.259     714.10     452.24     642.84
163.492     714.10     452.18     642.84
163.724     714.10     452.08     642.84
163.955     714.10     451.99     642.84
164.186     714.10     451.90     642.84
164.420     714.10     451.83     642.84
164.654     714.10     451.71     642.84
164.887     714.10     451.62     642.84
165.120     714.10     451.46     642.84
165.353     714.10     451.30     642.84
165.587     714.10     451.21     642.84
165.820     714.10     450.98     642.84
166.053     714.10     450.67     642.84
166.286     714.10     450.45     642.84
166.518     714.10     450.26     642.84
166.751     714.10     450.10     642.84
166.981     714.10     450.01     642.84
167.212     714.10     449.89     642.84
167.445     714.10     449.82     642.84
167.678     714.10     449.70     642.84
167.909     714.10     449.60     642.84
168.140     714.10     449.54     642.84
168.373     714.10     449.44     642.84
168.607     714.10     449.34     642.84
168.840     714.10     449.22     642.84
169.073     714.10     449.06     642.84
169.304     714.10     448.91     642.84
169.535     714.10     448.81     642.84
169.768     714.10     448.56     642.84
170.000     714.10     448.31     642.84
170.231     714.10     448.06     642.84
170.465     714.10     447.88     642.84
170.697     714.10     447.72     642.84
170.930     714.10     447.62     642.84
171.163     714.10     447.53     642.84
171.397     714.10     447.44     642.84
171.631     714.10     447.34     642.84
171.864     714.10     447.24     642.84
172.098     714.10     447.18     642.84
172.330     714.10     447.05     642.84
172.563     714.10     446.99     642.84
172.797     714.10     446.80     642.84
173.031     714.10     446.71     642.84
173.264     714.10     446.52     642.84
173.498     714.10     446.40     642.84
173.728     714.10     446.05     642.84
173.958     714.10     445.87     642.84
174.192     714.10     445.68     642.84
174.423     714.10     445.48     642.84
174.654     714.10     445.32     642.84
174.888     714.10     445.23     642.84
175.121     714.10     445.17     642.84
175.354     714.10     445.07     642.84
175.587     714.10     444.98     642.84
175.820     714.10     444.89     642.84
176.054     714.10     444.82     642.84
176.285     714.10     444.70     642.84
176.515     714.10     444.60     642.84
176.749     714.10     444.45     642.84
176.982     714.10     444.29     642.84
177.215     714.10     444.14     642.84
177.445     714.10     443.94     642.84
177.676     714.10     443.66     642.84
177.909     714.10     443.47     642.84
178.142     714.10     443.31     642.84
178.375     714.10     443.03     642.84
178.605     714.10     442.97     642.84
178.834     714.10     442.88     642.84
179.066     714.10     442.81     642.84
179.300     714.10     442.69     642.84
179.533     714.10     442.62     642.84
179.765     714.10     442.53     642.84
179.997     714.10     442.47     642.84
180.230     714.10     442.34     642.84
180.464     714.10     442.22     642.84
180.696     714.10     442.06     643.43
180.927     714.10     441.94     643.43
181.160     714.10     441.78     643.43
181.394     714.10     441.50     643.43
181.628     714.10     441.25     643.43
181.861     714.10     441.08     643.43
182.091     714.10     440.93     643.43
182.322     714.10     440.71     643.43
182.555     714.10     440.62     643.43
182.787     714.10     440.52     643.43
183.021     714.10     440.46     643.43
183.254     714.10     440.37     643.43
183.488     714.10     440.27     643.43
183.721     714.10     440.18     643.43
183.951     714.10     440.12     643.43
184.183     714.10     439.99     643.43
184.418     714.10     439.83     643.43
184.653     714.10     439.71     643.43
184.887     714.10     439.52     643.43
185.121     714.10     439.40     643.43
185.354     714.10     439.15     643.43
185.588     714.10     438.90     643.43
185.822     714.10     438.71     643.43
186.055     714.10     438.48     643.43
186.286     714.10     438.35     643.43
186.517     714.10     438.26     643.43
186.751     714.10     438.17     643.43
186.982     714.10     438.10     643.43
187.213     714.10     437.98     643.43
187.444     714.10     437.92     643.43
187.675     714.10     437.82     643.43
187.906     714.10     437.76     643.43
188.138     714.10     437.60     643.43
188.372     714.10     437.48     643.43
188.605     714.10     437.35     643.43
188.835     714.10     437.20     643.43
189.066     714.10     436.95     643.43
189.298     714.10     436.76     643.43
189.530     714.10     436.57     643.43
189.763     714.10     436.39     643.43
189.996     714.10     436.10     643.43
190.226     714.10     435.98     643.43
190.454     714.10     435.92     643.43
190.684     714.10     435.82     643.43
190.914     714.10     435.76     643.43
191.145     714.10     435.64     643.43
191.378     714.10     435.56     643.43
191.612     714.10     435.47     643.43
191.845     714.10     435.38     643.43
192.075     714.10     435.25     643.43
192.305     714.10     435.12     643.43
192.537     714.10     435.00     643.43
192.771     714.10     434.84     643.43
193.002     714.10     434.59     643.43
193.233     714.10     434.38     643.43
193.468     714.10     434.16     643.43
193.702     714.10     434.03     643.43
193.936     714.10     433.75     643.43
194.169     714.10     433.66     643.43
194.403     714.10     433.56     643.43
194.637     714.10     433.47     643.43
194.871     714.10     433.41     643.43
195.104     714.10     433.27     643.43
195.338     714.10     433.21     643.43
195.571     714.10     433.12     643.43
195.804     714.10     433.02     643.43
196.037     714.10     432.87     643.43
196.270     714.10     432.77     643.43
196.503     714.10     432.62     643.43
196.737     714.10     432.43     643.43
196.970     714.10     432.21     643.43
197.203     714.10     431.99     643.43
197.435     714.10     431.80     643.43
197.667     714.10     431.58     643.43
197.899     714.10     431.43     643.43
198.132     714.10     431.30     643.43
198.365     714.10     431.21     643.43
198.599     714.10     431.15     643.43
198.830     714.10     431.02     643.43
199.061     714.10     430.96     643.43
199.295     714.10     430.87     643.43
199.529     714.10     430.77     643.43
199.762     714.10     430.68     643.43
199.993     714.10     430.49     643.43
200.221     714.10     430.43     643.43
200.450     714.10     430.27     643.43
200.681     714.10     430.05     643.43
200.912     714.10     429.87     643.43
201.143     714.10     429.68     643.43
201.374     714.10     429.43     643.43
201.604     714.10     429.27     643.43
201.838     714.10     429.08     643.43
202.071     714.10     428.95     643.43
202.304     714.10     428.85     643.43
202.538     714.10     428.76     643.43
202.771     714.10     428.67     643.43
203.002     714.10     428.60     643.43
203.233     714.10     428.51     643.43
203.466     714.10     428.45     643.43
203.698     714.10     428.32     643.43
203.927     714.10     428.17     643.43
204.158     714.10     428.07     643.43
204.391     714.10     428.01     643.43
204.625     714.10     427.70     643.43
204.858     714.10     427.48     643.43
205.091     714.10     427.29     643.43
205.325     714.10     427.10     643.43
205.558     714.10     426.85     643.43
205.791     714.10     426.73     643.43
206.024     714.10     426.60     643.43
206.257     714.10     426.54     643.43
206.490     714.10     426.42     643.43
206.721     714.10     426.35     643.43
206.949     714.10     426.26     643.43
207.180     714.10     426.20     643.43
207.414     714.10     426.07     643.43
207.647     714.10     425.98     643.43
207.880     714.10     425.85     643.43
208.114     714.10     425.73     643.43
208.347     714.10     425.64     643.43
208.581     714.10     425.39     643.43
208.811     714.10     425.13     643.43
209.042     714.10     424.95     643.43
209.275     714.10     424.69     643.43
209.509     714.10     424.50     643.43
209.742     714.10     424.38     643.43
209.973     714.10     424.25     643.43
210.204     714.10     424.19     643.43
210.437     714.10     424.06     643.43
210.670     714.10     424.00     643.43
210.902     714.10     423.91     643.43
211.134     714.10     423.84     643.43
211.368     714.10     423.72     643.43
211.601     714.10     423.62     643.43
211.835     714.10     423.47     643.43
212.068     714.10     423.41     643.43
212.302     714.10     423.25     643.43
212.532     714.10     423.06     643.43
212.763     714.10     422.78     643.43
212.995     714.10     422.62     643.43
213.227     714.10     422.38     643.43
213.458     714.10     422.22     643.43
213.689     714.10     422.00     643.43
213.920     714.10     421.94     643.43
214.151     714.10     421.84     643.43
214.384     714.10     421.75     643.43
214.618     714.10     421.66     643.43
214.851     714.10     421.59     643.43
215.085     714.10     421.50     643.43
215.318     714.10     421.34     643.43
215.551     714.10     421.25     643.43
215.784     714.10     421.16     643.43
216.017     714.10     421.06     643.43
216.250     714.10     420.88     643.43
216.483     714.10     420.71     643.43
216.716     714.10     420.37     643.43
216.949     714.10     420.24     643.43
217.182     714.10     420.05     643.43
217.413     714.10     419.80     643.43
217.644     714.10     419.65     643.43
217.877     714.10     419.58     643.43
218.111     714.10     419.46     643.43
218.345     714.10     419.40     643.43
218.576     714.10     419.30     643.43
218.804     714.10     419.24     643.43
219.035     714.10     419.15     643.43
219.269     714.10     418.99     643.43
219.503     714.10     418.90     643.43
219.736     714.10     418.83     643.43
219.967     714.10     418.71     643.43
220.198     714.10     418.55     643.43
220.432     714.10     418.37     643.43
220.666     714.10     418.05     643.43
220.898     714.10     417.93     643.43
221.131     714.10     417.71     643.43
221.365     714.10     417.43     643.43
221.598     714.10     417.33     643.43
221.831     714.10     417.24     643.43
222.064     714.10     417.18     643.43
222.296     714.10     417.05     643.43
222.530     714.10     416.99     643.43
222.764     714.10     416.90     643.43
222.995     714.10     416.83     643.43
223.227     714.10     416.65     643.43
223.458     714.10     416.58     643.43
223.689     714.10     416.46     643.43
223.920     714.10     416.40     643.43
224.151     714.10     416.24     643.43
224.385     714.10     415.99     643.43
224.619     714.10     415.74     643.43
224.853     714.10     415.52     643.43
225.084     714.10     415.37     643.43
225.315     714.10     415.12     643.43
225.548     714.10     414.99     643.43
225.782     714.10     414.90     643.43
226.015     714.10     414.80     643.43
226.248     714.10     414.71     643.43
226.481     714.10     414.64     643.43
226.713     714.10     414.54     643.43
226.941     714.10     414.42     643.43
227.169     714.10     414.32     643.43
227.400     714.10     414.24     643.43
227.634     714.10     414.14     643.43
227.867     714.10     414.04     643.43
228.100     714.10     413.86     643.43
228.334     714.10     413.67     643.43
228.568     714.10     413.42     643.43
228.799     714.10     413.26     643.43
229.030     714.10     412.98     643.43
229.263     714.10     412.73     643.43
229.497     714.10     412.64     643.43
229.728     714.10     412.57     643.43
229.956     714.10     412.45     643.43
230.184     714.10     412.39     643.43
230.413     714.10     412.29     643.43
230.641     714.10     412.23     643.43
230.870     714.10     412.07     643.43
231.099     714.10     412.01     643.43
231.327     714.10     411.90     643.43
231.555     714.10     411.83     643.43
231.783     714.10     411.71     643.43
232.014     714.10     411.52     643.43
232.249     714.10     411.37     643.43
232.481     714.10     411.12     643.43
232.709     714.10     410.93     643.43
232.938     714.10     410.68     643.43
233.166     714.10     410.52     643.43
233.394     714.10     410.33     643.43
233.623     714.10     410.27     643.43
233.854     714.10     410.15     643.43
234.085     714.10     410.08     643.43
234.314     714.10     409.99     643.43
234.543     714.10     409.93     643.43
234.774     714.10     409.80     643.43
235.005     714.10     409.71     643.43
235.236     714.10     409.58     643.43
235.467     714.10     409.52     643.43
235.696     714.10     409.43     643.43
235.926     714.10     409.30     643.43
236.153     714.10     408.99     643.43
236.385     714.10     408.83     643.43
236.618     714.10     408.65     643.43
236.852     714.10     408.43     643.43
237.085     714.10     408.18     643.43
237.319     714.10     408.05     643.43
237.553     714.10     407.93     643.43
237.786     714.10     407.83     643.43
238.020     714.10     407.74     643.43
238.253     714.10     407.65     643.43
238.487     714.10     407.58     643.43
238.718     714.10     407.42     643.43
238.949     714.10     407.37     643.43
239.183     714.10     407.27     643.43
239.417     714.10     407.17     643.43
239.651     714.10     407.07     643.43
239.884     714.10     406.89     643.43
240.117     714.10     406.60     643.43
240.350     714.10     406.48     643.43
240.584     714.10     406.26     643.43
240.817     714.10     406.01     643.43
241.050     714.10     405.82     643.43
241.283     714.10     405.70     643.43
241.516     714.10     405.57     643.43
241.749     714.10     405.51     643.43
241.984     714.10     405.39     643.43
242.220     714.10     405.32     643.43
242.455     714.10     405.20     643.43
242.689     714.10     405.10     643.43
242.921     714.10     405.01     643.43
243.152     714.10     404.95     643.43
243.387     714.10     404.82     643.43
243.621     714.10     404.73     643.43
243.855     714.10     404.48     643.43
244.089     714.10     404.32     643.43
244.323     714.10     404.10     643.43
244.558     714.10     403.95     643.43
244.791     714.10     403.67     643.43
245.025     714.10     403.48     643.43
245.258     714.10     403.35     643.43
245.492     714.10     403.26     643.43
245.725     714.10     403.17     643.43
245.959     714.10     403.04     643.43
246.192     714.10     402.98     643.43
246.426     714.10     402.89     643.43
246.659     714.10     402.76     643.43
246.893     714.10     402.67     643.43
247.124     714.10     402.60     643.43
247.355     714.10     402.48     643.43
247.589     714.10     402.35     643.43
247.823     714.10     402.14     643.43
248.056     714.10     401.95     643.43
248.290     714.10     401.73     643.43
248.524     714.10     401.59     643.43
248.757     714.10     401.34     643.43
248.991     714.10     401.19     643.43
249.222     714.10     401.00     643.43
249.453     714.10     400.91     643.43
249.684     714.10     400.81     643.43
249.913     714.10     400.75     643.43
250.142     714.10     400.62     643.43
250.373     714.10     400.53     643.43
250.607     714.10     400.41     643.43
250.841     714.10     400.34     643.43
251.073     714.10     400.25     643.43
251.303     714.10     400.16     643.43
251.531     714.10     400.03     643.43
251.762     714.10     399.81     643.43
251.993     714.10     399.56     643.43
252.222     714.10     399.47     643.43
252.452     714.10     399.25     643.43
252.685     714.10     399.06     643.43
252.919     714.10     398.84     643.43
253.151     714.10     398.72     643.43
253.383     714.10     398.56     643.43
253.617     714.10     398.50     643.43
253.849     714.10     398.41     643.43
254.079     714.10     398.28     643.43
254.308     714.10     398.19     643.43
254.537     714.10     398.09     643.43
254.767     714.10     398.00     643.43
254.997     714.10     397.94     643.43
255.225     714.10     397.81     643.43
255.456     714.10     397.66     643.43
255.690     714.10     397.47     643.43
255.921     714.10     397.28     643.43
256.150     714.10     397.12     643.43
256.381     714.10     396.97     643.43
256.615     714.10     396.72     643.43
256.849     714.10     396.53     643.43
257.081     714.10     396.38     643.43
257.312     714.10     396.25     643.43
257.543     714.10     396.16     643.43
257.774     714.10     396.06     643.43
258.006     714.10     395.94     643.43
258.235     714.10     395.84     643.43
258.466     714.10     395.75     643.43
258.699     714.10     395.69     643.43
258.929     714.10     395.59     643.43
259.158     714.10     395.50     643.43
259.390     714.10     395.31     643.43
259.625     714.10     395.12     643.43
259.859     714.10     394.91     643.43
260.091     714.10     394.81     643.43
260.323     714.10     394.66     643.43
260.554     714.10     394.41     643.43
260.785     714.10     394.16     643.43
261.019     714.10     394.06     643.43
261.249     714.10     393.94     643.43
261.479     714.10     393.84     643.43
261.710     714.10     393.72     643.43
261.944     714.10     393.66     643.43
262.179     714.10     393.50     643.43
262.410     714.10     393.44     643.43
262.639     714.10     393.34     643.43
262.870     714.10     393.28     643.43
263.101     714.10     393.12     643.43
263.333     714.10     393.00     643.43
263.564     714.10     392.81     643.43
263.795     714.10     392.62     643.43
264.029     714.10     392.47     643.43
264.260     714.10     392.28     643.43
264.488     714.10     392.09     643.43
264.720     714.10     391.94     643.43
264.951     714.10     391.72     643.43
265.182     714.10     391.62     643.43
265.417     714.10     391.47     643.43
265.651     714.10     391.41     643.43
265.884     714.10     391.31     643.43
266.115     714.10     391.19     643.43
266.347     714.10     391.09     643.43
266.578     714.10     391.03     643.43
266.811     714.10     390.94     643.43
267.043     714.10     390.78     643.43
267.271     714.10     390.66     643.43
267.497     714.10     390.50     643.43
267.725     714.10     390.31     643.43
267.957     714.10     390.16     643.43
268.189     714.10     390.00     643.43
268.420     714.10     389.72     643.43
268.654     714.10     389.59     643.43
268.888     714.10     389.44     643.43
269.119     714.10     389.28     643.43
269.350     714.10     389.22     643.43
269.580     714.10     389.06     643.43
269.811     714.10     389.00     643.43
270.045     714.10     388.88     643.43
270.279     714.10     388.78     643.43
270.511     714.10     388.69     643.43
270.742     714.10     388.62     643.43
270.973     714.10     388.44     643.43
271.204     714.10     388.38     643.43
271.438     714.10     388.16     643.43
271.672     714.10     388.00     643.43
271.905     714.10     387.84     643.43
272.138     714.10     387.66     643.43
272.372     714.10     387.41     643.43
272.606     714.10     387.28     643.43
272.839     714.10     387.09     643.43
273.073     714.10     386.94     643.43
273.307     714.10     386.84     643.43
273.540     714.10     386.75     643.43
273.774     714.10     386.65     643.43
274.007     714.10     386.52     643.43
274.241     714.10     386.43     643.43
274.476     714.10     386.30     643.43
274.708     714.10     386.24     643.43
274.940     714.10     386.12     643.43
275.174     714.10     385.99     643.43
275.409     714.10     385.77     643.43
275.644     714.10     385.58     643.43
275.880     714.10     385.46     643.43
276.114     714.10     385.27     643.43
276.349     714.10     384.99     643.43
276.584     714.10     384.93     643.43
276.818     714.10     384.71     643.43
277.052     714.10     384.58     643.43
277.286     714.10     384.49     643.43
277.520     714.10     384.37     643.43
277.754     714.10     384.30     643.43
277.988     714.10     384.15     643.43
278.222     714.10     384.08     643.43
278.456     714.10     383.96     643.43
278.690     714.10     383.89     643.43
278.924     714.10     383.73     643.43
279.158     714.10     383.60     643.43
279.392     714.10     383.42     643.43
279.626     714.10     383.23     643.43
279.860     714.10     383.10     643.43
280.093     714.10     382.89     643.43
280.327     714.10     382.67     643.43
280.561     714.10     382.54     643.43
280.795     714.10     382.35     643.43
281.029     714.10     382.26     643.43
281.262     714.10     382.14     643.43
281.496     714.10     382.04     643.43
281.730     714.10     381.95     643.43
281.964     714.10     381.82     643.43
282.198     714.10     381.70     643.43
282.432     714.10     381.64     643.43
282.666     714.10     381.51     643.43
282.900     714.10     381.42     643.43
283.134     714.10     381.20     643.43
283.368     714.10     381.07     643.43
283.602     714.10     380.89     643.43
283.836     714.10     380.69     643.43
284.069     714.10     380.50     643.43
284.304     714.10     380.28     643.43
284.538     714.10     380.19     643.43
284.772     714.10     380.06     643.43
285.006     714.10     379.91     643.43
285.240     714.07     379.75     643.39
285.474     714.07     379.66     643.39
285.709     714.07     379.53     643.39
285.939     714.07     379.44     643.39
286.171     714.07     379.31     643.39
286.405     714.07     379.25     643.39
286.637     714.07     379.12     643.39
286.869     714.07     379.00     643.39
287.103     714.07     378.84     643.39
287.337     714.07     378.66     643.39
287.572     714.07     378.50     643.39
287.806     714.07     378.31     643.39
288.039     714.07     378.09     643.39
288.273     714.07     377.94     643.39
288.507     714.07     377.84     643.39
288.741     714.07     377.72     643.39
288.972     714.07     377.53     643.39
289.203     714.07     377.44     643.39
289.437     714.07     377.31     643.39
289.671     714.07     377.25     643.39
289.905     714.07     377.06     643.39
290.139     714.07     377.00     643.39
290.372     714.07     376.88     643.39
290.606     714.07     376.81     643.39
290.840     714.07     376.66     643.39
291.073     714.07     376.50     643.39
291.307     714.07     376.34     643.39
291.541     714.07     376.16     643.39
291.775     714.07     375.97     643.39
292.009     714.07     375.75     643.39
292.243     714.07     375.62     643.39
292.477     714.07     375.50     643.39
292.709     714.07     375.41     643.39
292.937     714.07     375.22     643.39
293.168     714.07     375.12     643.39
293.403     714.07     374.97     643.39
293.637     714.07     374.88     643.39
293.870     714.07     374.72     643.39
294.104     714.07     374.66     643.39
294.338     714.07     374.56     643.39
294.570     714.07     374.47     643.39
294.802     714.07     374.34     643.39
295.036     714.07     374.16     643.39
295.270     714.07     374.03     643.39
295.505     714.07     373.81     643.39
295.739     714.07     373.66     643.39
295.972     714.07     373.44     643.39
296.206     714.07     373.28     643.39
296.440     714.07     373.19     643.39
296.674     714.07     372.96     643.39
296.907     714.07     372.87     643.39
297.138     714.07     372.74     643.39
297.370     714.07     372.68     643.39
297.604     714.07     372.49     643.39
297.837     714.07     372.40     643.39
298.071     714.07     372.27     643.39
298.305     714.07     372.21     643.39
298.539     714.07     372.08     643.39
298.773     714.07     371.99     643.39
299.007     714.07     371.83     643.39
299.242     714.07     371.68     643.39
299.476     714.07     371.43     643.39
299.708     714.07     371.30     643.39
299.936     714.07     371.08     643.39
300.168     714.07     370.93     643.39
300.402     714.07     370.83     643.39
300.632     714.07     370.68     643.39
300.860     714.07     370.55     643.34
301.091     706.48     362.87     643.36
301.325     698.05     354.28     656.05
301.558     698.05     354.19     697.04
301.791     698.05     354.03     697.04
302.024     698.05     353.94     697.04
302.257     698.05     353.85     697.04
302.491     698.05     353.78     697.04
302.721     698.05     353.63     697.04
302.949     698.05     353.50     697.04
303.180     698.05     353.31     697.04
303.414     698.05     353.13     697.04
303.647     698.05     352.97     697.04
303.881     698.05     352.75     697.04
304.115     698.05     352.56     697.04
304.347     698.05     352.50     697.04
304.577     698.05     352.39     697.04
304.810     698.05     352.23     697.04
305.042     698.05     352.11     697.04
305.275     698.05     351.97     697.04
305.510     698.05     351.85     697.04
305.744     698.05     351.69     697.04
305.974     698.05     351.61     697.04
306.206     698.05     351.54     697.04
306.440     698.05     351.44     697.04
306.675     698.05     351.31     697.04
306.909     698.05     351.16     697.04
307.143     698.05     351.03     697.04
307.377     698.05     350.81     697.04
307.611     698.05     350.69     697.04
307.845     698.05     350.41     697.04
308.079     698.05     350.28     697.04
308.313     698.05     350.16     697.04
308.547     698.05     350.03     697.04
308.781     698.05     349.88     697.04
309.012     698.05     349.78     697.04
309.243     698.05     349.66     697.04
309.478     698.05     349.48     697.04
309.711     698.05     349.36     697.04
309.940     698.05     349.29     697.04
310.172     698.05     349.20     697.04
310.407     698.05     349.14     697.04
310.642     698.05     349.01     697.04
310.875     698.05     348.89     697.04
311.109     698.05     348.76     697.04
311.343     698.05     348.51     697.04
311.578     698.05     348.28     697.04
311.813     698.05     348.13     697.04
312.049     698.05     347.94     697.04
312.284     698.05     347.85     697.04
312.518     698.05     347.72     697.04
312.753     698.05     347.53     697.04
312.987     698.05     347.44     697.04
313.221     698.05     347.35     697.04
313.455     698.05     347.25     697.04
313.689     698.05     347.19     697.04
313.921     698.05     347.10     697.04
314.154     698.05     347.03     697.04
314.388     698.05     346.94     697.04
314.622     698.05     346.88     697.04
314.856     698.05     346.78     697.04
315.089     698.05     346.72     697.04
315.324     698.05     346.63     697.04
315.558     698.05     346.56     697.04
315.791     698.05     346.47     697.04
316.025     698.05     346.41     697.04
316.259     698.05     346.31     697.04
316.493     698.05     346.25     697.04
316.726     698.05     346.16     697.04
316.960     698.05     346.10     697.04
317.192     698.05     346.00     697.04
317.424     698.05     345.94     697.04
317.658     698.05     345.85     697.04
317.892     698.05     345.78     697.04
318.126     698.05     345.69     697.04
318.360     698.05     345.63     697.04
318.594     698.05     345.57     697.04
318.828     698.05     345.57     697.04
319.061     698.05     345.57     697.04
319.295     698.05     345.57     697.04
319.530     698.05     345.57     697.04
319.764     698.05     345.57     697.04
319.994     698.05     345.57     697.04
320.226     698.05     345.57     697.04
320.460     698.05     345.57     697.04
320.692     698.05     345.57     697.04
320.922     698.05     345.57     697.04
321.155     698.05     345.57     697.04
321.389     698.05     345.57     697.04
321.623     698.05     345.57     697.04
321.856     698.05     345.57     697.04
322.090     698.05     345.57     697.04
322.324     698.05     345.57     697.04
322.558     698.05     345.57     697.04
322.791     698.05     345.57     697.04
323.022     698.05     345.57     697.04
323.253     698.05     345.57     697.04
323.488     698.05     345.57     697.04
323.722     698.05     345.57     697.04
323.954     698.05     345.57     697.03
324.186     698.05     345.57     697.04
324.421     698.05     345.57     697.04
324.656     698.05     345.57     697.04
324.890     698.05     345.57     697.04
325.124     698.05     345.57     697.04
325.358     698.05     345.57     697.04
325.593     698.05     345.57     697.04
325.827     698.05     345.57     697.04
326.061     698.05     345.57     697.04
326.296     698.05     345.57     697.04
326.530     698.05     345.57     697.04
326.764     698.05     345.57     697.04
326.995     698.05     345.57     697.04
327.226     698.05     345.57     697.04
327.460     698.05     345.57     697.04
327.694     698.05     345.57     697.04
327.925     698.05     345.57     697.04
328.157     698.05     345.57     697.04
328.392     698.05     345.57     697.04
328.626     698.05     345.57     697.04
328.859     698.05     345.57     697.04
329.093     698.05     345.57     697.04
329.327     698.05     345.57     697.04
329.561     698.05     345.57     697.04
329.795     698.05     345.57     697.04
330.028     698.05     345.57     697.04
330.262     698.05     345.57     697.04
330.496     698.05     345.57     697.04
330.730     698.05     345.57     697.04
330.963     698.05     345.57     697.04
331.194     698.05     345.57     697.04
331.425     698.05     345.57     697.04
331.659     698.05     345.57     697.04
331.892     698.05     345.57     697.04
332.126     698.05     345.57     697.04
332.360     698.05     345.57     697.04
332.594     698.05     345.57     697.04
332.828     698.05     345.57     697.04
333.063     698.05     345.57     697.04
333.297     698.05     345.57     697.04
333.531     698.05     345.57     697.04
333.765     698.05     345.57     697.04
333.998     698.05     345.57     697.04
334.232     698.05     345.57     697.04
334.467     698.05     345.57     697.04
334.700     698.05     345.57     697.04
334.931     698.05     345.57     697.04
335.161     698.05     345.57     697.04
335.393     698.05     345.57     697.04
335.627     698.05     345.57     697.04
335.858     698.05     345.57     697.04
336.089     698.05     345.57     697.04
336.323     698.05     345.57     697.04
336.557     698.05     345.57     697.04
336.790     698.05     345.57     697.04
337.024     698.05     345.57     697.04
337.257     698.05     345.57     697.04
337.491     698.05     345.57     697.04
337.722     698.05     345.57     697.04
337.954     698.05     345.57     697.04
338.184     698.05     345.57     697.04
338.414     698.05     345.57     697.04
338.648     698.05     345.57     697.04
338.882     698.05     345.57     697.04
339.116     698.05     345.57     697.04
339.349     698.05     345.57     697.04
339.582     698.05     345.57     697.04
339.816     698.05     345.57     697.04
340.049     698.05     345.57     697.04
340.283     698.05     345.57     697.04
340.517     698.05     345.57     697.04
340.750     698.05     345.57     697.04
340.983     698.05     345.57     697.04
341.217     698.05     345.57     697.04
341.451     698.05     345.57     697.04
341.684     698.05     345.57     697.04
341.917     698.05     345.57     697.04
342.150     698.05     345.57     697.04
342.384     698.05     345.57     697.04
342.618     698.05     345.57     697.04
342.852     698.05     345.57     697.04
343.085     698.05     345.57     697.04
343.319     698.05     345.57     697.04
343.552     698.05     345.57     697.04
343.785     698.05     345.57     697.04
344.018     698.05     345.57     697.04
344.252     698.05     345.57     697.04
344.485     698.05     345.57     697.04
344.718     698.05     345.57     697.04
344.949     698.05     345.57     697.04
345.177     698.05     345.57     697.04
345.408     698.05     345.57     697.04
345.642     698.05     345.57     697.04
345.876     698.05     345.57     697.04
346.109     698.05     345.57     697.04
346.342     698.05     345.57     697.04
346.574     698.05     345.57     697.04
346.805     698.05     345.57     697.04
347.038     698.05     345.57     697.04
347.272     698.05     345.57     697.03
347.506     698.05     345.57     697.04
347.740     698.05     345.57     697.04
347.971     698.05     345.57     697.04
348.202     698.05     345.57     697.04
348.435     698.05     345.57     697.04
348.669     698.05     345.57     697.04
348.902     698.05     345.57     697.04
349.135     698.05     345.57     697.04
349.369     698.05     345.57     697.04
349.603     698.05     345.57     697.04
349.836     698.05     345.57     697.04
350.069     698.05     345.57     697.04
350.304     698.05     345.57     697.04
350.541     698.05     345.57     697.04
350.777     698.05     345.57     697.04
351.009     698.05     345.57     697.04
351.242     698.05     345.57     697.04
351.477     698.05     345.57     697.04
351.709     698.05     345.57     697.04
351.938     698.05     345.57     697.04
352.168     698.05     345.57     697.04
352.400     698.05     345.57     697.04
352.634     698.05     345.57     697.04
352.869     698.05     345.57     697.04
353.103     698.05     345.57     697.04
353.337     698.05     345.57     697.04
353.571     698.05     345.57     697.04
353.804     698.05     345.57     697.04
354.035     698.05     345.57     697.04
354.266     698.05     345.57     697.04
354.501     698.05     345.57     697.04
354.735     698.05     345.57     697.04
354.968     698.05     345.57     697.04
355.202     698.05     345.57     697.04
355.436     698.05     345.57     697.04
355.669     698.05     345.57     697.04
355.903     698.05     345.57     697.04
356.135     698.05     345.57     697.04
356.369     698.05     345.57     697.04
356.602     698.05     345.57     697.04
356.836     698.05     345.57     697.04
357.069     698.05     345.57     697.04
357.303     698.05     345.57     697.04
357.537     698.05     345.57     697.04
357.771     698.05     345.57     697.04
358.005     698.05     345.57     697.04
358.236     698.05     345.57     697.04
358.467     698.05     345.57     697.04
358.700     698.05     345.57     697.04
358.931     698.05     345.57     697.04
359.164     698.05     345.57     697.04
359.398     698.05     345.57     697.04
359.633     698.05     345.57     697.04
359.867     698.05     345.57     697.04
360.100     698.05     345.57     697.04
360.334     698.05     345.57     697.04
360.568     698.05     345.57     697.04
360.802     698.05     345.57     697.09
361.035     698.05     345.57     697.09
361.266     698.05     345.57     697.09
361.497     698.05     345.57     697.09
361.728     698.05     345.57     697.09
361.958     698.05     345.57     697.09
362.189     698.05     345.57     697.09
362.421     698.05     345.57     697.09
362.655     698.05     345.57     697.09
362.888     698.05     345.57     697.09
363.122     698.05     345.57     697.09
363.356     698.05     345.57     697.09
363.590     698.05     345.57     697.09
363.824     698.05     345.57     697.09
364.057     698.05     345.57     697.09
364.291     698.05     345.57     697.09
364.525     698.05     345.57     697.09
364.759     698.05     345.57     697.09
364.992     698.05     345.57     697.09
365.226     698.05     345.57     697.09
365.459     698.05     345.57     697.09
365.693     698.05     345.57     697.09
365.925     698.05     345.57     697.09
366.158     698.05     345.57     697.09
366.389     698.05     345.57     697.09
366.621     698.05     345.57     697.09
366.855     698.05     345.57     697.09
367.088     698.05     345.57     697.09
367.321     698.05     345.57     697.09
367.555     698.05     345.57     697.09
367.789     698.05     345.57     697.09
368.020     698.05     345.57     697.09
368.249     698.05     345.57     697.09
368.481     698.05     345.57     697.09
368.717     698.05     345.57     697.09
368.949     698.05     345.57     697.09
369.179     698.05     345.57     697.09
369.413     698.05     345.57     697.09
369.647     698.05     345.57     697.09
369.881     698.05     345.57     697.09
370.114     698.05     345.57     697.09
370.348     698.05     345.57     697.09
370.580     698.05     345.57     697.09
370.811     698.05     345.57     697.09
371.044     698.05     345.57     697.09
371.275     698.05     345.57     697.09
371.506     698.05     345.57     697.09
371.740     698.05     345.57     697.09
371.971     698.05     345.57     697.09
372.200     698.05     345.57     697.09
372.432     698.05     345.57     697.09
372.668     698.05     345.57     697.09
372.902     698.05     345.57     697.09
373.137     698.05     345.57     697.09
373.371     698.05     345.57     697.09
373.606     698.05     345.57     697.09
373.839     698.05     345.57     697.09
374.072     698.05     345.57     697.09
374.306     698.05     345.57     697.09
374.541     698.05     345.57     697.09
374.775     698.05     345.57     697.09
375.006     698.05     345.57     697.09
375.234     698.05     345.57     697.09
375.466     698.05     345.57     697.09
375.698     698.05     345.57     697.09
375.929     698.05     345.57     697.09
376.162     698.05     345.57     697.09
376.396     698.05     345.57     697.09
376.629     698.05     345.57     697.09
376.863     698.05     345.57     697.09
377.096     698.05     345.57     697.09
377.330     698.05     345.57     697.09
377.564     698.05     345.57     697.09
377.798     698.05     345.57     697.09
378.029     698.05     345.57     697.09
378.260     698.05     345.57     697.09
378.495     698.05     345.57     697.09
378.726     698.05     345.57     697.09
378.954     698.05     345.57     697.09
379.184     698.05     345.57     697.09
379.418     698.05     345.57     697.09
379.652     698.05     345.57     697.09
379.886     698.05     345.57     697.09
380.120     698.05     345.57     697.09
380.354     698.05     345.57     697.09
380.588     698.05     345.57     697.09
380.822     698.05     345.57     697.09
381.055     698.05     345.57     697.09
381.288     698.05     345.57     697.09
381.521     698.05     345.57     697.09
381.755     698.05     345.57     697.09
381.985     698.05     345.57     697.09
382.216     698.05     345.57     697.09
382.450     698.05     345.57     697.09
382.685     698.05     345.57     697.09
382.919     698.05     345.57     697.09
383.152     698.05     345.57     697.09
383.386     698.05     345.57     697.09
383.620     698.05     345.57     697.09
383.852     698.05     345.57     697.09
384.081     698.05     345.57     697.09
384.315     698.05     345.57     697.09
384.551     698.05     345.57     697.09
384.786     698.05     345.57     697.09
385.021     698.05     345.57     697.09
385.255     698.05     345.57     697.09
385.490     698.05     345.57     697.09
385.722     698.05     345.57     697.09
385.951     698.05     345.57     697.09
386.183     698.05     345.57     697.09
386.417     698.05     345.57     697.09
386.651     698.05     345.57     697.09
386.881     698.05     345.57     697.09
387.111     698.05     345.57     697.09
387.340     698.05     345.57     697.09
387.571     698.05     345.57     697.09
387.805     698.05     345.57     697.09
388.036     698.05     345.57     697.09
388.264     698.05     345.57     697.09
388.496     698.05     345.57     697.09
388.730     698.05     345.57     697.09
388.964     698.05     345.57     697.09
389.197     698.05     345.57     697.09
389.430     698.05     345.57     697.09
389.664     698.05     345.57     697.09
389.898     698.05     345.57     697.09
390.132     698.05     345.57     697.09
390.367     698.05     345.57     697.09
390.601     698.05     345.57     697.09
390.835     698.05     345.57     697.09
391.069     698.05     345.57     697.09
391.303     698.05     345.57     697.09
391.537     698.05     345.57     697.09
391.770     698.05     345.57     697.09
392.004     698.05     345.57     697.09
392.237     698.05     345.57     697.09
392.471     698.05     345.57     697.09
392.702     698.05     345.57     697.09
392.932     698.05     345.57     697.09
393.165     698.05     345.57     697.09
393.400     698.05     345.57     697.09
393.634     698.05     345.57     697.09
393.868     698.05     345.57     697.09
394.102     698.05     345.57     697.09
394.333     698.05     345.57     697.09
394.562     698.05     345.57     697.09
394.794     698.05     345.57     697.09
395.028     698.05     345.57     697.09
395.259     698.05     345.57     697.09
395.490     698.05     345.57     697.09
395.725     698.05     345.57     697.09
395.958     698.05     345.57     697.09
396.192     698.05     345.57     697.09
396.426     698.05     345.57     697.09
396.659     698.05     345.57     697.09
396.893     698.05     345.57     697.09
397.126     698.05     345.57     697.09
397.359     698.05     345.57     697.09
397.593     698.05     345.57     697.09
397.827     698.05     345.57     697.09
398.061     698.05     345.57     697.09
398.292     698.05     345.57     697.09
398.523     698.05     345.57     697.09
398.757     698.05     345.57     697.09
398.991     698.05     345.57     697.09
399.223     698.05     345.57     697.09
399.454     698.05     345.57     697.09
399.688     698.05     345.57     697.09
399.922     698.05     345.57     697.09
400.155     698.05     345.57     697.09
400.389     698.05     345.57     697.09
400.623     698.05     345.57     697.09
400.857     698.05     345.57     697.09
401.091     698.05     345.57     697.09
401.324     698.05     345.57     697.09
401.558     698.05     345.57     697.09
401.791     698.05     345.57     697.09
402.025     698.05     345.57     697.09
402.258     698.05     345.57     697.09
402.489     698.05     345.57     697.09
402.721     698.05     345.57     697.09
402.952     698.05     345.57     697.09
403.183     698.05     345.57     697.09
403.417     698.05     345.57     697.09
403.650     698.05     345.57     697.09
403.884     698.05     345.57     697.09
404.117     698.05     345.57     697.09
404.350     698.05     345.57     697.09
404.581     698.05     345.57     697.09
404.812     698.05     345.57     697.09
405.046     698.05     345.57     697.09
405.279     698.05     345.57     697.09
405.513     698.05     345.57     697.09
405.746     698.05     345.57     697.09
405.979     698.05     345.57     697.09
406.211     698.05     345.57     697.09
406.440     698.05     345.57     697.09
406.669     698.05     345.57     697.09
406.899     698.05     345.57     697.09
407.131     698.05     345.57     697.09
407.364     698.05     345.57     697.09
407.598     698.05     345.57     697.09
407.831     698.05     345.57     697.09
408.064     698.05     345.57     697.09
408.297     698.05     345.57     697.09
408.531     698.05     345.57     697.09
408.764     698.05     345.57     697.09
408.997     698.05     345.57     697.09
409.228     698.05     345.57     697.09
409.459     698.05     345.57     697.09
409.694     698.05     345.57     697.09
409.927     698.05     345.57     697.09
410.160     698.05     345.57     697.09
410.393     698.05     345.57     697.09
410.627     698.05     345.57     697.09
410.861     698.05     345.57     697.09
411.095     698.05     345.57     697.09
411.325     698.05     345.57     697.09
411.556     698.05     345.57     697.09
411.790     698.05     345.57     697.09
412.023     698.05     345.57     697.09
412.257     698.05     345.57     697.09
412.490     698.05     345.57     697.09
412.724     698.05     345.57     697.09
412.956     698.05     345.57     697.09
413.186     698.05     345.57     697.09
413.420     698.05     345.57     697.09
413.654     698.05     345.57     697.09
413.888     698.05     345.57     697.09
414.121     698.05     345.57     697.09
414.354     698.05     345.57     697.09
414.585     698.05     345.57     697.09
414.814     698.05     345.57     697.09
415.045     698.05     345.57     697.09
415.279     698.05     345.57     697.09
415.513     698.05     345.57     697.09
415.747     698.05     345.57     697.09
415.980     698.05     345.57     697.09
416.212     698.05     345.57     697.09
416.445     698.05     345.57     697.09
416.679     698.05     345.57     697.09
416.912     698.05     345.57     697.09
417.146     698.05     345.57     697.09
417.379     698.05     345.57     697.09
417.613     698.05     345.57     697.09
417.846     698.05     345.57     697.09
418.079     698.05     345.57     697.09
418.311     698.05     345.57     697.09
418.543     698.05     345.57     697.09
418.777     698.05     345.57     697.09
419.010     698.05     345.57     697.09
419.241     698.05     345.57     697.09
419.473     698.05     345.57     697.09
419.707     698.05     345.57     697.09
419.940     698.05     345.57     697.09
420.172     698.05     345.57     697.09
420.406     698.05     345.57     697.09
420.640     698.05     345.57     697.09
420.874     698.05     345.57     697.09
421.107     698.05     345.57     697.09
421.341     698.05     345.57     697.09
421.573     698.05     345.57     697.09
421.804     698.05     345.57     697.09
422.036     698.05     345.57     697.09
422.268     698.05     345.57     697.09
422.500     698.05     345.57     697.09
422.731     698.05     345.57     697.09
422.962     698.05     345.57     697.09
423.193     698.05     345.57     697.09
423.427     698.05     345.57     697.09
423.661     698.05     345.57     697.09
423.896     698.05     345.57     697.09
424.130     698.05     345.57     697.09
424.364     698.05     345.57     697.09
424.596     698.05     345.57     697.09
424.825     698.05     345.57     697.09
425.053     698.05     345.57     697.09
425.285     698.05     345.57     697.09
425.520     698.05     345.57     697.09
425.754     698.05     345.57     697.09
425.988     698.05     345.57     697.09
426.220     698.05     345.57     697.09
426.453     698.05     345.57     697.09
426.687     698.05     345.57     697.09
426.922     698.05     345.57     697.09
427.155     698.05     345.57     697.09
427.389     698.05     345.57     697.09
427.624     698.05     345.57     697.09
427.858     698.05     345.57     697.09
428.092     698.05     345.57     697.09
428.324     698.05     345.57     697.09
428.553     698.05     345.57     697.09
428.784     698.05     345.57     697.09
429.018     698.05     345.57     697.09
429.249     698.05     345.57     697.09
429.480     698.05     345.57     697.09
429.714     698.05     345.57     697.09
429.946     698.05     345.57     697.09
430.178     698.05     345.57     697.09
430.412     698.05     345.57     697.09
430.647     698.05     345.57     697.09
430.880     698.05     345.57     697.09
431.114     698.05     345.57     697.09
431.344     698.05     345.57     697.09
431.576     698.05     345.57     697.09
431.812     698.05     345.57     697.09
432.046     698.05     345.57     697.09
432.281     698.05     345.57     697.09
432.518     698.05     345.57     697.09
432.754     698.05     345.57     697.09
432.989     698.05     345.57     697.09
433.223     698.05     345.57     697.09
433.457     698.05     345.57     697.09
433.692     698.05     345.57     697.09
433.927     698.05     345.57     697.09
434.163     698.05     345.57     697.09
434.399     698.05     345.57     697.09
434.634     698.05     345.57     697.09
434.868     698.05     345.57     697.09
435.103     698.05     345.57     697.09
435.334     698.05     345.57     697.09
435.563     698.05     345.57     697.09
435.794     698.05     345.57     697.09
436.029     698.05     345.57     697.09
436.260     698.05     345.57     697.09
436.492     698.05     345.57     697.09
436.726     698.05     345.57     697.09
436.957     698.05     345.57     697.09
437.189     698.05     345.57     697.09
437.423     698.05     345.57     697.09
437.657     698.05     345.57     697.09
437.891     698.05     345.57     697.09
438.124     698.05     345.57     697.09
438.358     698.05     345.57     697.09
438.590     698.05     345.57     697.09
438.823     698.05     345.57     697.09
439.054     698.05     345.57     697.09
439.287     698.05     345.57     697.09
439.521     698.05     345.57     697.09
439.755     698.05     345.57     697.09
439.988     698.05     345.57     697.09
440.221     698.05     345.57     697.09
440.455     698.05     345.57     697.09
440.689     698.05     345.57     697.09
440.922     698.05     345.57     697.09
441.155     698.05     345.57     697.09
441.389     698.05     345.57     697.09
441.623     698.05     345.57     697.09
441.853     698.05     345.57     697.09
442.084     698.05     345.57     697.09
442.317     698.05     345.57     697.09
442.550     698.05     345.57     697.09
442.784     698.05     345.57     697.09
443.018     698.05     345.57     697.09
443.248     698.05     345.57     697.09
443.480     698.05     345.57     697.09
443.714     698.05     345.57     697.09
443.946     698.05     345.57     697.09
444.178     698.05     345.57     697.09
444.412     698.05     345.57     697.09
444.647     698.05     345.57     697.09
444.881     698.05     345.57     697.09
445.114     698.05     345.57     697.09
445.346     698.05     345.57     697.09
445.574     698.05     345.57     697.09
445.806     698.05     345.57     697.09
446.040     698.05     345.57     697.09
446.273     698.05     345.57     697.09
446.506     698.05     345.57     697.09
446.740     698.05     345.57     697.09
446.974     698.05     345.57     697.09
447.207     698.05     345.57     697.09
447.441     698.05     345.57     697.09
447.675     698.05     345.57     697.09
447.909     698.05     345.57     697.09
448.143     698.05     345.57     697.09
448.374     698.05     345.57     697.09
448.604     698.05     345.57     697.09
448.835     698.05     345.57     697.09
449.069     698.05     345.57     697.09
449.303     698.05     345.57     697.09
449.538     698.05     345.57     697.09
449.772     698.05     345.57     697.09
450.005     698.05     345.57     697.09
450.239     698.05     345.57     697.09
450.472     698.05     345.57     697.09
450.706     698.05     345.57     697.09
450.940     698.05     345.57     697.09
451.173     698.05     345.57     697.09
451.406     698.05     345.57     697.09
451.640     698.05     345.57     697.09
451.873     698.05     345.57     697.09
452.107     698.05     345.57     697.09
452.338     698.05     345.57     697.09
452.569     698.05     345.57     697.09
452.804     698.05     345.57     697.09
453.038     698.05     345.57     697.09
453.272     698.05     345.57     697.09
453.506     698.05     345.57     697.09
453.737     698.05     345.57     697.09
453.966     698.05     345.57     697.09
454.197     698.05     345.57     697.09
454.430     698.05     345.57     697.09
454.664     698.05     345.57     697.09
454.898     698.05     345.57     697.09
455.132     698.05     345.57     697.09
455.364     698.05     345.57     697.09
455.592     698.05     345.57     697.09
455.823     698.05     345.57     697.09
456.057     698.05     345.57     697.09
456.289     698.05     345.57     697.09
456.520     698.05     345.57     697.09
456.754     698.05     345.57     697.09
456.988     698.05     345.57     697.09
457.221     698.05     345.57     697.09
457.455     698.05     345.57     697.09
457.689     698.05     345.57     697.09
457.923     698.05     345.57     697.09
458.157     698.05     345.57     697.09
458.389     698.05     345.57     697.09
458.617     698.05     345.57     697.09
458.848     698.05     345.57     697.09
459.079     698.05     345.57     697.09
459.312     698.05     345.57     697.09
459.546     698.05     345.57     697.09
459.780     698.05     345.57     697.09
460.013     698.05     345.57     697.09
460.246     698.05     345.57     697.09
460.477     698.05     345.57     697.09
460.708     698.05     345.57     697.09
460.941     698.05     345.57     697.09
461.173     698.05     345.57     697.09
461.407     698.05     345.57     697.09
461.641     698.05     345.57     697.09
461.871     698.05     345.57     697.09
462.102     698.05     345.57     697.09
462.334     698.05     345.57     697.09
462.565     698.05     345.57     697.09
462.796     698.05     345.57     697.09
463.030     698.05     345.57     697.09
463.261     698.05     345.57     697.09
463.493     698.05     345.57     697.09
463.726     698.05     345.57     697.09
463.956     698.05     345.57     697.09
464.187     698.05     345.57     697.09
464.421     698.05     345.57     697.09
464.654     698.05     345.57     697.09
464.888     698.05     345.57     697.09
465.121     698.05     345.57     697.09
465.352     698.05     345.57     697.09
465.582     698.05     345.57     697.09
465.814     698.05     345.57     697.09
466.048     698.05     345.57     697.09
466.280     698.05     345.57     697.09
466.513     698.05     345.57     697.09
466.747     698.05     345.57     697.09
466.980     698.05     345.57     697.09
467.213     698.05     345.57     697.09
467.447     698.05     345.57     697.09
467.680     698.05     345.57     697.09
467.914     698.05     345.57     697.09
468.147     698.05     345.57     697.09
468.378     698.05     345.57     697.09
468.606     698.05     345.57     697.09
468.837     698.05     345.57     697.09
469.070     698.05     345.57     697.09
469.304     698.05     345.57     697.09
469.538     698.05     345.57     697.09
469.771     698.05     345.57     697.09
470.004     698.05     345.57     697.09
470.237     698.05     345.57     697.09
470.471     698.05     345.57     697.09
470.704     698.05     345.57     697.09
470.937     698.05     345.57     697.09
471.171     698.05     345.57     697.09
471.404     698.05     345.57     697.09
471.635     698.05     345.57     697.09
471.865     698.05     345.57     697.09
472.096     698.05     345.57     697.09
472.327     698.05     345.57     697.09
472.561     698.05     345.57     697.09
472.795     698.05     345.57     697.09
473.029     698.05     345.57     697.09
473.261     698.05     345.57     697.09
473.493     698.05     345.57     697.09
473.727     698.05     345.57     697.09
473.957     698.05     345.57     697.09
474.189     698.05     345.57     697.09
474.423     698.05     345.57     697.09
474.657     698.05     345.57     697.09
474.887     698.05     345.57     697.09
475.118     698.05     345.57     697.09
475.350     698.05     345.57     697.09
475.582     698.05     345.57     697.09
475.815     698.05     345.57     697.09
476.049     698.05     345.57     697.09
476.279     698.05     345.57     697.09
476.510     698.05     345.57     697.09
476.744     698.05     345.57     697.09
476.977     698.05     345.57     697.09
477.211     698.05     345.57     697.09
477.444     698.05     345.57     697.09
477.678     698.05     345.57     697.09
477.911     698.05     345.57     697.09
478.144     698.05     345.57     697.09
478.376     698.05     345.57     697.09
478.606     698.05     345.57     697.09
478.837     698.05     345.57     697.09
479.071     698.05     345.57     697.09
479.305     698.05     345.57     697.09
479.539     698.05     345.57     697.09
479.773     698.05     345.57     697.09
480.006     698.05     345.57     697.09
480.239     698.05     345.57     697.09
480.470     698.05     345.57     697.09
480.702     698.05     345.57     697.09
480.935     698.05     345.57     696.96
481.168     698.05     345.57     696.96
481.398     698.05     345.57     696.96
481.627     698.05     345.57     696.96
481.859     698.05     345.57     696.96
482.093     698.05     345.57     696.96
482.327     698.05     345.57     696.96
482.560     698.05     345.57     696.96
482.792     698.05     345.57     696.96
483.026     698.05     345.57     696.96
483.256     698.05     345.57     696.96
483.487     698.05     345.57     696.96
483.722     698.05     345.57     696.96
483.953     698.05     345.57     696.96
484.185     698.05     345.57     696.96
484.419     698.05     345.57     696.96
484.650     698.05     345.57     696.96
484.880     698.05     345.57     696.96
485.110     698.05     345.57     696.96
485.341     698.05     345.57     696.96
485.575     698.05     345.57     696.96
485.809     698.05     345.57     696.96
486.042     698.05     345.57     696.96
486.274     698.05     345.57     696.96
486.507     698.05     345.57     696.96
486.741     698.05     345.57     696.96
486.972     698.05     345.57     696.96
487.203     698.05     345.57     696.96
487.437     698.05     345.57     696.96
487.672     698.05     345.57     696.96
487.904     698.05     345.57     696.96
488.135     698.05     345.57     696.96
488.366     698.05     345.57     696.96
488.597     698.05     345.57     696.96
488.831     698.05     345.57     696.96
489.065     698.05     345.57     696.96
489.296     698.05     345.57     696.96
489.528     698.05     345.57     696.96
489.762     698.05     345.57     696.96
489.996     698.05     345.57     696.96
490.230     698.05     345.57     696.96
490.464     698.05     345.57     696.96
490.698     698.05     345.57     696.96
490.932     698.05     345.57     696.96
491.166     698.05     345.57     696.96
491.397     698.05     345.57     696.96
491.626     698.05     345.57     696.96
491.857     698.05     345.57     696.96
492.091     698.05     345.57     696.96
492.325     698.05     345.57     696.96
492.559     698.05     345.57     696.96
492.793     698.05     345.57     696.96
493.027     698.05     345.57     696.96
493.260     698.05     345.57     696.96
493.494     698.05     345.57     696.96
493.727     698.05     345.57     696.96
493.958     698.05     345.57     696.96
494.189     698.05     345.57     696.96
494.421     698.05     345.57     696.96
494.649     698.05     345.57     696.96
494.882     698.05     345.57     696.96
495.116     698.05     345.57     696.96
495.349     698.05     345.57     696.96
495.584     698.05     345.57     696.96
495.819     698.05     345.57     696.96
496.053     698.05     345.57     696.96
496.285     698.05     345.57     696.96
496.517     698.05     345.57     696.96
496.752     698.05     345.57     696.96
496.986     698.05     345.57     696.96
497.220     698.05     345.57     696.96
497.454     698.05     345.57     696.96
497.688     698.05     345.57     696.96
497.922     698.05     345.57     696.96
498.156     698.05     345.57     696.96
498.389     698.05     345.57     696.96
498.621     698.05     345.57     696.96
498.853     698.05     345.57     696.96
499.086     698.05     345.57     696.96
499.320     698.05     345.57     696.96
499.554     698.05     345.57     696.96
499.788     698.05     345.57     696.96
500.022     698.05     345.57     696.96
500.256     698.05     345.57     696.96
500.490     698.05     345.57     696.96
500.725     698.05     345.57     696.96
500.957     698.05     345.57     696.96
501.190     698.05     345.57     696.96
501.421     698.05     345.57     696.96
501.650     698.05     345.57     696.96
501.881     698.05     345.57     696.96
502.115     698.05     345.57     696.96
502.349     698.05     345.57     696.96
502.580     698.05     345.57     696.96
502.812     698.05     345.57     696.96
503.046     698.05     345.57     696.96
503.280     698.05     345.57     696.96
503.513     698.05     345.57     696.96
503.744     698.05     345.57     696.96
503.973     698.05     345.57     696.96
504.204     698.05     345.57     696.96
504.438     698.05     345.57     696.96
504.672     698.05     345.57     696.96
504.904     698.05     345.57     696.96
505.134     698.05     345.57     696.96
505.365     698.05     345.57     696.96
505.598     698.05     345.57     696.96
505.832     698.05     345.57     696.96
506.066     698.05     345.57     696.96
506.297     698.05     345.57     696.96
506.528     698.05     345.57     696.96
506.762     698.05     345.57     696.96
506.995     698.05     345.57     696.96
507.229     698.05     345.57     696.96
507.462     698.05     345.57     696.96
507.696     698.05     345.57     696.96
507.927     698.05     345.57     696.96
508.158     698.05     345.57     696.96
508.388     698.05     345.57     696.96
508.620     698.05     345.57     696.96
508.853     698.05     345.57     696.96
509.087     698.05     345.57     696.96
509.321     698.05     345.57     696.96
509.554     698.05     345.57     696.96
509.787     698.05     345.57     696.96
510.020     698.05     345.57     696.96
510.253     698.05     345.57     696.96
510.484     698.05     345.57     696.96
510.716     698.05     345.57     696.96
510.949     698.05     345.57     696.96
511.182     698.05     345.57     696.96
511.414     698.05     345.57     696.96
511.643     698.05     345.57     696.96
511.874     698.05     345.57     696.96
512.108     698.05     345.57     696.96
512.342     698.05     345.57     696.96
512.576     698.05     345.57     696.96
512.810     698.05     345.57     696.96
513.045     698.05     345.57     696.96
513.279     698.05     345.57     696.96
513.512     698.05     345.57     696.96
513.744     698.05     345.57     696.96
513.971     698.05     345.57     696.96
514.200     698.05     345.57     696.96
514.431     698.05     345.57     696.96
514.660     698.05     345.57     696.96
514.892     698.05     345.57     696.96
515.126     698.05     345.57     696.96
515.359     698.05     345.57     696.96
515.593     698.05     345.57     696.96
515.828     698.05     345.57     696.96
516.062     698.05     345.57     696.96
516.295     698.05     345.57     696.96
516.528     698.05     345.57     696.96
516.762     698.05     345.57     696.96
516.996     698.05     345.57     696.96
517.230     698.05     345.57     696.96
517.464     698.05     345.57     696.96
517.698     698.05     345.57     696.96
517.930     698.05     345.57     696.96
518.158     698.05     345.57     696.96
518.386     698.05     345.57     696.96
518.618     698.05     345.57     696.96
518.852     698.05     345.57     696.96
519.086     698.05     345.57     696.96
519.317     698.05     345.57     696.96
519.549     698.05     345.57     696.96
519.784     698.05     345.57     696.96
520.017     698.05     345.57     696.96
520.251     698.05     345.57     696.96
520.482     698.05     345.57     696.96
520.713     698.05     345.57     696.96
520.947     698.05     345.57     696.96
521.181     698.05     345.57     696.96
521.412     698.05     345.57     696.96
521.641     698.05     345.57     696.96
521.872     698.05     345.57     696.96
522.104     698.05     345.57     696.96
522.336     698.05     345.57     696.96
522.568     698.05     345.57     696.96
522.800     698.05     345.57     696.96
523.034     698.05     345.57     696.96
523.268     698.05     345.57     696.96
523.501     698.05     345.57     696.96
523.733     698.05     345.57     696.96
523.964     698.05     345.57     696.96
524.196     698.05     345.57     696.96
524.428     698.05     345.57     696.96
524.658     698.05     345.57     696.96
524.889     698.05     345.57     696.96
525.123     698.05     345.57     696.96
525.358     698.05     345.57     696.96
525.592     698.05     345.57     696.96
525.826     698.05     345.57     696.96
526.059     698.05     345.57     696.96
526.293     698.05     345.57     696.96
526.526     698.05     345.57     696.96
526.760     698.05     345.57     696.96
526.994     698.05     345.57     696.96
527.227     698.05     345.57     696.96
527.461     698.05     345.57     696.96
527.695     698.05     345.57     696.96
527.928     698.05     345.57     696.96
528.158     698.05     345.57     696.96
528.387     698.05     345.57     696.96
528.619     698.05     345.57     696.96
528.853     698.05     345.57     696.96
529.087     698.05     345.57     696.96
529.319     698.05     345.57     696.96
529.550     698.05     345.57     696.96
529.785     698.05     345.57     696.96
530.018     698.05     345.57     696.96
530.252     698.05     345.57     696.96
530.484     698.05     345.57     696.96
530.713     698.05     345.57     696.96
530.941     698.05     345.57     696.96
531.170     698.05     345.57     696.96
531.398     698.05     345.57     696.96
531.630     698.05     345.57     696.96
531.864     698.05     345.57     696.96
532.098     698.05     345.57     696.96
532.329     698.05     345.57     696.96
532.560     698.05     345.57     696.96
532.795     698.05     345.57     696.96
533.029     698.05     345.57     696.96
533.262     698.05     345.57     696.96
533.496     698.05     345.57     696.96
533.729     698.05     345.57     696.96
533.961     698.05     345.57     696.96
534.194     698.05     345.57     696.96
534.428     698.05     345.57     696.96
534.660     698.05     345.57     696.96
534.892     698.05     345.57     696.96
535.126     698.05     345.57     696.96
535.360     698.05     345.57     696.96
535.594     698.05     345.57     696.96
535.828     698.05     345.57     696.96
536.061     698.05     345.57     696.96
536.295     698.05     345.57     696.96
536.528     698.05     345.57     696.96
536.761     698.05     345.57     696.96
536.995     698.05     345.57     696.96
537.228     698.05     345.57     696.96
537.459     698.05     345.57     696.96
537.687     698.05     345.57     696.96
537.918     698.05     345.57     696.96
538.152     698.05     345.57     696.96
538.383     698.05     345.57     696.96
538.614     698.05     345.57     696.96
538.848     698.05     345.57     696.96
539.081     698.05     345.57     696.96
539.314     698.05     345.57     696.96
539.547     698.05     345.57     696.96
539.781     698.05     345.57     696.96
540.014     698.05     345.57     696.96
540.248     698.05     345.57     696.96
540.478     698.05     345.57     696.96
540.710     698.05     345.57     696.96
540.942     698.05     345.57     697.01
541.172     698.05     345.57     697.01
541.401     698.05     345.57     697.01
541.632     698.05     345.57     697.01
541.866     698.05     345.57     697.01
542.100     698.05     345.57     697.01
542.331     698.05     345.57     697.01
542.561     698.05     345.57     697.01
542.794     698.05     345.57     697.01
543.028     698.05     345.57     697.01
543.262     698.05     345.57     697.01
543.496     698.05     345.57     697.01
543.730     698.05     345.57     697.01
543.961     698.05     345.57     697.01
544.189     698.05     345.57     697.01
544.420     698.05     388.53     697.03
544.653     698.05     388.53     697.03
544.881     698.05     388.53     697.03
545.103     698.05     388.53     697.03
545.324     698.05     388.53     697.03
545.549     698.05     565.12     669.15
545.777     698.05     565.12     669.15
546.000     698.05     565.12     669.15
546.220     698.05     565.12     669.15
546.441     698.05     565.12     669.15
546.664     698.05     565.12     669.15
546.883     698.05     565.12     669.15
547.102     698.05     565.12     669.15
547.321     698.05     565.12     669.15
547.542     698.05     565.12     669.15
547.763     698.05     565.12     669.15
547.983     698.05     565.12     669.15
548.203     698.05     565.12     669.15
548.424     698.05     565.12     669.15
548.645     698.05     565.12     669.15
548.864     698.05     565.12     669.15
549.082     698.05     565.12     669.15
549.300     698.05     565.12     669.15
549.519     698.05     565.12     669.15
549.737     698.05     565.12     669.15
549.955     698.05     565.12     669.15
550.172     698.05     565.12     669.15
550.390     698.05     565.12     669.15
550.608     698.05     565.12     669.15
550.826     698.05     565.12     669.15
551.044     698.05     565.12     669.15
551.261     698.05     565.12     669.15
551.478     698.05     565.12     669.15
551.696     698.05     565.12     669.15
551.914     698.05     565.12     669.15
552.132     698.05     565.12     669.15
552.351     698.05     565.12     669.15
552.569     698.05     565.12     669.15
552.787     698.05     565.12     669.15
553.004     698.05     565.12     669.15
553.222     698.05     565.12     669.15
553.439     698.05     565.12     669.15
553.657     698.05     565.12     669.15
553.875     698.05     565.12     669.15
554.092     698.05     565.12     669.15
554.309     698.05     565.12     669.15
554.530     698.04     566.14     669.14
554.743       6.20       3.59       5.17
554.944       6.20       3.59       5.17
555.146       6.20       3.59       5.17
555.347       6.20       3.59       5.17
555.549       6.20       3.59       5.17
555.751       6.20       3.59       5.17
555.952       6.20       3.59       5.17
556.154       6.20       3.59       5.17
556.355       6.20       3.59       5.17
556.557       6.20       3.59       5.17
556.758       6.20       3.59       5.17
556.960       6.20       3.59       5.17
557.162       6.20       3.59       5.17
557.363       6.20       3.59       5.17
557.565       6.20       3.59       5.17
ERROR: can't open /proc/2990232/smaps: No such file or directory at /scratchNVME/pg-tpch/wss.pl line 226.
