Watching PID 2999971 page references grow, output every 0.2 seconds...
Est(s)     RSS(MB)    PSS(MB)    Ref(MB)
0.207       357.83     355.41     289.30
0.427       708.18     705.75     641.95
0.652       713.88     708.94     649.35
0.874       713.88     708.51     649.35
1.095       713.88     708.29     649.35
1.320       713.88     708.10     649.35
1.548       713.88     707.88     649.36
1.774       713.88     707.67     649.36
1.997       713.88     707.45     649.36
2.217       713.88     707.23     649.36
2.436       713.88     707.01     649.36
2.654       713.88     706.82     649.36
2.871       713.88     706.60     649.36
3.089       713.88     706.17     649.36
3.307       713.88     705.95     649.36
3.525       713.88     705.73     649.36
3.742       713.88     705.54     649.36
3.959       713.88     705.32     649.36
4.177       713.88     705.10     649.36
4.394       713.88     704.88     649.36
4.619       713.88     704.66     649.37
4.848       713.88     704.44     649.37
5.074       713.88     672.86     649.37
5.302       713.88     669.48     649.37
5.532       713.88     668.81     649.37
5.763       713.88     667.15     649.37
5.992       713.88     666.51     649.37
6.221       713.88     665.86     649.37
6.451       713.88     664.18     649.37
6.682       713.88     663.55     649.37
6.911       713.88     662.65     649.37
7.139       713.88     661.13     649.37
7.367       713.88     660.39     649.37
7.598       713.88     659.71     649.37
7.827       713.88     658.27     649.37
8.058       713.88     657.39     649.37
8.288       713.88     656.75     649.37
8.519       713.88     655.14     649.37
8.749       713.88     654.25     649.37
8.979       713.88     653.57     649.37
9.209       713.88     652.08     649.37
9.440       713.88     650.81     649.37
9.672       713.88     649.86     649.37
9.905       713.88     648.15     649.37
10.134      713.88     646.67     649.37
10.363      713.88     645.79     649.37
10.594      713.88     644.17     649.37
10.825      713.88     642.98     649.37
11.053      713.88     642.04     649.37
11.279      713.88     640.48     649.37
11.508      713.88     639.13     649.37
11.738      713.88     637.88     649.37
11.969      713.88     636.42     649.37
12.200      713.88     635.05     649.37
12.430      713.88     634.13     649.37
12.660      713.88     632.48     649.37
12.890      713.88     631.19     649.37
13.119      713.88     630.23     649.37
13.347      713.88     628.29     649.37
13.578      713.88     627.10     649.37
13.806      713.88     626.17     649.37
14.034      713.88     624.54     649.37
14.266      713.88     623.29     649.37
14.496      713.88     622.35     649.37
14.726      713.88     620.66     649.37
14.955      713.88     619.13     649.37
15.186      713.88     618.27     649.37
15.417      713.88     616.75     649.37
15.647      713.88     615.42     649.37
15.875      713.88     614.49     649.37
16.101      713.88     612.92     649.37
16.330      713.88     611.62     649.37
16.561      713.88     610.34     649.37
16.792      713.88     608.78     649.37
17.022      713.88     607.55     649.37
17.253      713.88     606.62     649.37
17.484      713.88     605.00     649.37
17.713      713.88     603.68     649.37
17.941      713.88     602.75     649.37
18.172      713.88     600.84     649.37
18.403      713.88     599.60     649.37
18.634      713.88     598.63     649.37
18.864      713.88     597.05     649.37
19.093      713.88     595.74     649.37
19.321      713.88     594.80     649.37
19.553      713.88     593.17     649.37
19.783      713.88     591.62     649.37
20.013      713.88     590.69     649.37
20.245      713.88     589.17     649.37
20.474      713.88     587.91     649.37
20.702      713.88     586.94     649.37
20.932      713.88     585.34     649.37
21.164      713.88     584.10     649.37
21.395      713.88     582.79     649.37
21.627      713.88     581.40     649.37
21.855      713.88     580.04     649.37
22.082      713.88     579.11     649.37
22.311      713.88     577.75     649.37
22.543      713.88     576.25     649.37
22.774      713.88     575.28     649.37
23.005      713.88     573.50     649.37
23.237      713.88     572.13     649.37
23.468      713.88     571.24     649.37
23.700      713.88     569.88     649.37
23.931      713.88     568.49     649.37
24.159      713.88     567.46     649.37
24.389      713.88     566.25     649.37
24.620      713.88     564.41     649.37
24.851      713.88     563.44     649.37
25.080      713.88     562.17     649.37
25.310      713.88     560.74     649.37
25.541      713.88     559.78     649.37
25.772      713.88     558.75     649.37
26.003      713.88     556.98     649.37
26.234      713.88     555.69     649.37
26.466      713.88     554.74     649.37
26.698      713.88     552.96     649.37
26.929      713.88     551.99     649.37
27.158      713.88     551.39     649.37
27.387      713.88     550.98     649.37
27.619      713.88     550.31     649.37
27.850      713.88     549.30     649.37
28.079      713.88     548.67     649.37
28.309      713.88     548.25     649.37
28.541      713.88     547.87     649.37
28.772      713.88     547.45     649.37
29.003      713.88     547.03     649.37
29.236      713.88     546.34     649.44
29.470      713.88     545.38     649.44
29.702      713.88     544.71     649.44
29.932      713.88     544.27     649.44
30.159      713.88     543.89     649.44
30.388      713.88     543.46     649.44
30.620      713.88     543.06     649.44
30.851      713.88     542.43     649.44
31.081      713.88     541.77     649.44
31.310      713.88     540.99     649.44
31.542      713.88     540.34     649.44
31.774      713.88     539.92     649.44
32.006      713.88     539.54     649.44
32.238      713.88     539.19     649.44
32.470      713.88     538.50     649.44
32.702      713.88     538.13     649.44
32.934      713.88     537.74     649.44
33.163      713.88     537.20     649.44
33.393      713.88     536.93     649.44
33.625      713.88     536.43     649.44
33.854      713.88     535.78     649.44
34.081      713.88     535.43     649.44
34.312      713.88     535.13     649.44
34.544      713.88     534.76     649.44
34.775      713.62     534.23     649.48
35.006      713.62     533.95     649.48
35.238      713.62     533.68     649.48
35.470      713.62     533.18     649.48
35.701      713.62     532.91     649.48
35.932      713.62     532.62     649.48
36.161      713.62     532.35     649.48
36.391      713.62     532.05     649.48
36.623      713.62     531.74     649.48
36.855      713.62     531.47     649.48
37.084      713.62     530.95     649.48
37.314      713.62     530.67     649.48
37.546      713.33     530.04     649.48
37.778      712.62     528.91     649.48
38.007      711.50     527.38     649.48
38.235      710.50     526.05     649.48
38.466      709.50     524.69     649.48
38.698      709.25     523.92     649.48
38.930      709.25     523.55     649.48
39.158      709.25     523.19     649.48
39.387      709.25     522.88     649.48
39.619      709.25     522.54     649.48
39.850      709.25     522.25     649.48
40.080      709.25     521.78     649.48
40.311      709.25     521.48     649.48
40.543      709.25     521.21     649.48
40.774      709.25     520.94     649.48
41.005      709.25     520.67     649.48
41.235      709.25     520.39     649.48
41.464      709.25     520.16     649.48
41.695      709.25     519.67     649.48
41.927      709.25     519.39     649.48
42.156      709.25     519.09     649.48
42.385      709.25     518.82     649.48
42.617      708.90     518.28     649.48
42.848      708.90     518.06     649.48
43.078      708.90     517.84     649.48
43.306      708.90     517.40     649.48
43.536      708.90     517.21     649.48
43.768      708.90     517.00     649.48
44.000      708.90     516.78     649.48
44.232      708.90     516.56     649.48
44.464      708.90     516.34     649.48
44.695      708.90     515.93     649.48
44.926      708.90     515.71     649.48
45.156      708.90     515.50     649.48
45.385      708.90     515.28     649.48
45.617      708.30     514.32     649.47
45.846      708.05     513.41     649.47
46.074      708.05     512.79     649.47
46.304      708.05     511.99     649.47
46.536      708.05     511.46     649.47
46.767      708.05     511.12     649.47
46.999      708.05     510.76     649.47
47.230      708.05     510.41     649.47
47.462      708.05     510.08     649.47
47.693      708.05     509.61     649.47
47.924      708.05     508.87     649.47
48.153      708.05     508.32     649.47
48.382      708.05     507.70     649.47
48.614      708.05     507.17     649.47
48.846      708.05     506.71     649.47
49.077      708.05     506.37     649.47
49.309      708.05     506.01     649.47
49.541      708.05     505.45     649.47
49.773      708.05     505.08     649.47
50.004      708.05     504.55     649.47
50.236      708.05     503.93     649.47
50.468      708.05     503.41     649.47
50.699      708.05     502.88     649.47
50.930      708.05     502.10     649.47
51.159      708.05     501.74     649.47
51.388      708.05     501.40     649.47
51.618      708.05     501.03     649.47
51.847      708.05     500.66     649.47
52.079      708.05     500.24     649.47
52.311      708.05     499.67     649.47
52.543      708.05     498.87     649.47
52.775      708.05     498.35     649.47
53.006      708.05     497.79     649.47
53.238      708.05     497.36     649.47
53.470      708.05     496.99     649.47
53.702      708.05     496.65     649.47
53.933      708.05     496.10     649.47
54.165      708.05     495.70     649.47
54.395      708.05     495.17     649.47
54.626      708.05     494.62     649.47
54.857      708.05     494.03     649.47
55.088      708.05     493.48     649.47
55.320      708.05     492.98     649.47
55.552      708.05     492.39     649.47
55.784      708.05     492.02     649.47
56.015      708.05     491.68     649.47
56.245      708.05     491.32     649.47
56.474      708.05     490.91     649.47
56.706      708.05     490.33     649.47
56.938      708.05     489.83     649.47
57.170      708.05     488.93     649.47
57.402      708.05     488.48     649.47
57.634      708.05     488.01     649.47
57.866      708.05     487.64     649.47
58.096      708.05     487.27     649.47
58.327      708.05     486.93     649.47
58.559      708.05     486.34     649.47
58.790      708.05     485.79     649.47
59.022      708.05     485.24     649.47
59.255      708.05     484.65     649.47
59.487      708.05     484.09     649.47
59.719      708.05     483.63     649.47
59.949      708.05     483.26     649.47
60.178      708.05     482.67     649.47
60.411      708.05     482.30     649.47
60.643      706.73     480.65     648.96
60.875      706.73     480.19     648.96
61.104      706.73     479.57     648.96
61.334      706.73     479.14     648.96
61.566      706.73     478.25     648.96
61.798      706.73     477.78     648.96
62.030      706.73     477.32     648.96
62.262      706.73     476.98     648.96
62.494      706.73     476.61     648.96
62.725      706.73     476.28     648.96
62.956      706.73     475.87     648.96
63.188      706.73     475.16     648.96
63.421      706.73     474.58     648.96
63.653      706.73     473.99     648.96
63.885      706.73     473.40     648.96
64.115      706.73     472.98     648.96
64.345      706.73     472.57     648.96
64.578      706.73     472.02     648.96
64.807      706.73     471.64     648.96
65.037      706.73     471.31     648.96
65.270      706.73     470.85     648.96
65.502      706.73     470.26     648.96
65.733      706.73     469.77     648.96
65.963      706.73     469.08     648.96
66.195      706.73     468.40     648.96
66.427      706.73     467.93     648.96
66.660      706.73     467.60     648.96
66.892      706.40     466.98     648.96
67.122      706.40     491.85     680.82
67.349      706.40     491.63     680.82
67.574      706.40     491.41     680.82
67.797      706.40     607.71     696.34
68.017      706.40     607.50     696.34
68.242      706.40     607.27     696.34
68.471      706.40     607.06     696.34
68.695      706.40     606.84     696.34
68.915      706.40     606.62     696.34
69.136      706.40     606.43     696.34
69.357      706.40     606.21     696.34
69.578      706.40     606.00     696.34
69.796      706.40     605.56     696.34
70.015      706.40     605.34     696.34
70.234      706.40     605.15     696.34
70.452      706.40     604.93     696.34
70.670      706.40     604.71     696.34
70.887      706.40     604.50     696.34
71.104      706.40     604.28     696.34
71.323      706.40     604.06     696.34
71.542      706.40     603.87     696.34
71.761      706.40     603.65     696.34
71.979      706.40     603.43     696.34
72.197      706.40     603.21     696.34
72.415      706.40     602.81     696.34
72.633      706.40     602.59     696.34
72.851      706.40     602.37     696.34
73.069      706.40     602.15     696.34
73.295      706.40     601.93     696.34
73.525      706.40     601.71     696.34
73.747      706.40     601.52     696.34
73.966      706.40     601.31     696.34
74.186      706.40     601.09     696.34
74.409      706.40     600.87     696.34
74.630      706.40     600.43     696.34
74.848      706.40     600.25     696.34
75.067      706.40     600.03     696.34
75.286      706.40     599.81     696.34
75.505      706.40     599.59     696.34
75.723      706.40     599.37     696.34
75.940      706.40     599.15     696.34
76.157      706.40     598.96     696.34
76.376      706.40     598.75     696.34
76.596      706.40     598.53     696.34
76.814      706.40     598.31     696.34
77.032      706.40     597.90     696.34
77.254      706.40     574.64     665.73
77.468        5.96       3.54       4.84
77.670        5.96       3.54       4.84
77.872        5.96       3.54       4.84
78.073        5.96       3.54       4.84
78.275        5.96       3.54       4.84
78.476        5.96       3.54       4.84
78.678        5.96       3.54       4.84
78.880        5.96       3.54       4.84
79.081        5.96       3.54       4.84
ERROR: can't open /proc/2999971/smaps: No such file or directory at /scratchNVME/pg-tpch/wss.pl line 226.
