Watching PID 1137538 page references grow, output every 0.2 seconds...
Est(s)     RSS(MB)    PSS(MB)    Ref(MB)
0.209       410.60     408.00     310.99
0.428       714.21     709.13     617.92
0.648       714.21     708.90     617.92
0.868       714.21     708.68     617.92
1.086       714.21     708.49     618.00
1.303       714.21     708.28     618.63
1.522       714.21     708.06     618.63
1.741       714.21     707.84     618.63
1.959       714.21     707.62     618.63
2.176       714.21     707.43     618.63
2.393       714.21     707.21     618.63
2.610       714.21     706.99     618.63
2.838       714.21     706.78     618.88
3.073       714.21     706.34     618.88
3.299       714.21     706.15     618.88
3.520       714.21     705.93     618.88
3.741       714.21     705.71     618.88
3.961       714.21     705.50     618.88
4.180       714.21     705.28     618.88
4.399       714.21     705.06     618.88
4.617       714.21     704.87     618.88
4.835       714.21     704.65     618.88
5.057       714.21     696.12     618.88
5.285       714.21     671.37     618.88
5.513       714.21     669.38     618.88
5.741       714.21     668.33     618.88
5.969       714.21     667.20     618.88
6.197       714.21     666.62     618.88
6.424       714.21     666.04     618.88
6.653       714.21     664.27     618.88
6.881       714.21     663.68     618.88
7.108       714.21     663.10     618.88
7.336       714.21     662.45     618.88
7.564       714.21     660.93     618.88
7.793       714.21     660.34     618.88
8.021       714.21     659.79     618.88
8.247       714.16     658.57     618.88
8.476       714.16     657.40     618.88
8.704       714.16     656.87     618.88
8.932       714.16     656.34     618.88
9.160       714.16     655.43     618.88
9.389       714.16     654.31     618.88
9.618       714.16     653.74     618.88
9.846       714.16     653.21     618.88
10.073      714.16     652.27     618.88
10.300      714.16     650.96     618.88
10.528      714.16     650.42     618.88
10.756      714.16     649.89     618.88
10.985      714.16     649.36     618.88
11.211      714.16     647.89     618.88
11.437      708.42     641.74     618.87
11.665      708.42     641.52     618.87
11.892      708.42     641.08     618.87
12.120      708.42     640.86     618.87
12.347      698.16     630.38     646.70
12.573      657.48     589.71     655.45
12.800      657.48     589.71     655.45
13.025      657.48     589.71     655.45
13.250      657.48     589.71     655.45
13.476      657.48     589.71     655.45
13.702      657.48     589.71     655.45
13.927      657.45     589.70     655.42
14.144      152.71      92.28     150.68
14.351      110.04      49.62     108.01
14.558      110.04      49.62     108.01
14.764      110.04      49.62     108.01
14.970      110.04      49.62     108.01
15.177      110.04      49.62     108.01
15.383      110.04      49.62     108.01
15.591      110.04      49.62     108.01
15.799      110.04      49.62     108.01
16.006      110.04      49.62     108.01
16.213      110.04      49.62     108.01
16.419      110.04      49.62     108.01
16.626      110.04      49.62     108.01
16.832      110.04      49.62     108.01
17.038      110.04      49.62     108.01
17.244      110.04      49.62     108.01
17.450      110.04      49.62     108.01
17.657      110.04      49.62     108.01
17.863      110.04      49.62     108.01
18.069      110.04      49.62     108.01
18.274      110.04      49.62     108.01
18.480      110.04      49.62     108.01
18.686      110.04      49.62     108.01
18.893      110.04      49.62     108.01
19.099      110.04      49.62     108.01
19.305      110.04      49.62     108.01
19.511      110.04      49.62     108.01
19.717      110.04      49.62     108.01
19.923      110.04      49.62     108.01
20.130      110.04      49.62     108.01
20.336      110.04      49.62     108.01
20.542      110.04      49.62     108.01
20.749      110.04      49.62     108.01
20.955      110.04      49.62     108.01
21.161      110.04      49.62     108.01
21.367      110.04      49.62     108.01
21.573      110.04      49.62     108.01
21.780      110.04      49.62     108.01
21.986      110.04      49.62     108.01
22.192      110.04      49.62     108.01
22.398      110.04      49.62     108.01
22.604      110.04      49.62     108.01
22.811      110.04      49.62     108.01
23.019      110.04      49.62     108.01
23.226      110.04      49.62     108.01
23.432      110.04      49.62     108.01
23.638      110.04      49.62     108.01
23.845      110.04      49.62     108.01
24.051      110.04      49.62     108.01
24.257      110.04      49.62     108.01
24.463      110.04      49.62     108.01
24.669      110.04      49.62     108.01
24.876      110.04      49.62     108.01
25.082      110.04      49.62     108.01
25.288      110.04      49.62     108.01
25.494      110.04      49.62     108.01
25.701      110.04      49.62     108.01
25.907      110.04      49.62     108.01
26.113      110.04      49.62     108.01
26.319      110.04      49.62     108.01
26.525      110.04      49.62     108.01
26.732      110.04      49.62     108.01
26.938      110.04      49.62     108.01
27.144      110.04      49.62     108.01
27.350      110.04      49.62     108.01
27.556      110.04      49.62     108.01
27.763      110.04      49.62     108.01
27.969      110.04      49.62     108.01
28.175      110.04      49.62     108.01
28.380      110.04      49.62     108.01
28.585      110.04      49.62     108.01
28.791      110.02      49.59     107.98
28.997      110.02      49.59     107.98
29.203      110.02      49.59     107.98
29.408      110.02      49.59     107.98
29.615      110.02      49.59     107.98
29.823      110.02      49.59     107.98
30.030      110.02      49.59     107.98
30.236      110.02      49.59     107.98
30.443      110.02      49.59     107.98
30.649      110.02      49.59     107.98
30.855      110.02      49.59     107.98
31.062      110.02      49.59     107.98
31.268      110.02      49.59     107.98
31.474      110.02      49.59     107.98
31.680      110.02      49.59     107.98
31.887      110.02      49.59     107.98
32.093      110.02      49.59     107.98
32.299      110.02      49.59     108.05
32.505      110.02      49.59     108.05
32.712      110.02      49.59     108.05
32.918      110.02      49.59     108.05
33.125      110.02      49.59     108.05
33.331      110.01      49.59     108.05
33.537      110.01      49.59     108.05
33.743      110.01      49.59     108.05
33.950      110.01      49.59     108.05
34.156      110.01      49.59     108.05
34.362      110.01      49.59     108.05
34.568      110.01      49.59     108.05
34.775      110.01      49.59     108.05
34.981      110.01      49.59     108.05
35.188      110.01      49.59     108.05
35.394      110.01      49.59     108.05
35.600      110.01      49.59     108.05
35.806      110.01      49.59     108.05
36.013      110.01      49.59     108.05
36.219      110.01      49.59     108.05
36.425      110.01      49.59     108.05
36.631      110.01      49.59     108.05
36.839      110.01      49.59     108.05
37.047      110.01      49.59     108.05
37.254      110.01      49.59     108.05
37.461      110.01      49.59     108.05
37.667      110.01      49.59     108.05
37.873      110.01      49.59     108.05
38.079      110.01      49.59     108.05
38.286      110.01      49.59     108.05
38.492      110.01      49.59     108.05
38.698      110.01      49.59     108.05
38.905      110.01      49.59     108.05
39.111      110.01      49.59     108.05
39.317      110.01      49.59     108.05
39.523      110.01      49.59     108.05
39.729      110.01      49.59     108.05
39.935      110.01      49.59     108.05
40.142      110.01      49.59     108.05
40.348      110.01      49.59     108.05
40.554      110.01      49.59     108.05
40.760      110.01      49.59     108.05
40.967      110.01      49.59     108.05
41.173      110.01      49.59     108.05
41.379      110.01      49.59     108.05
41.585      110.01      49.59     108.05
41.792      110.01      49.59     108.05
41.998      110.01      49.59     108.05
42.204      110.01      49.59     108.05
42.410      110.01      49.59     108.05
42.616      110.01      49.59     108.05
42.823      110.01      49.59     108.05
43.029      110.01      49.59     108.05
43.235      110.01      49.59     108.05
43.441      110.01      49.59     108.05
43.647      110.01      49.59     108.05
43.853      110.01      49.59     108.05
44.060      110.01      49.59     108.05
44.266      110.01      49.59     108.05
44.473      110.01      49.59     108.05
44.680      110.01      49.59     108.05
44.886      110.01      49.59     108.05
45.093      110.01      49.59     108.05
45.300      110.01      49.59     108.05
45.506      110.01      49.59     108.05
45.713      110.01      49.59     108.05
45.920      110.01      49.59     108.05
46.127      110.01      49.59     108.05
46.334      110.01      49.59     108.05
46.542      110.01      49.59     108.05
46.749      110.01      49.59     108.05
46.956      110.01      49.59     108.05
47.163      110.01      49.59     108.05
47.369      110.01      49.59     108.05
47.576      110.01      49.59     108.05
47.783      110.01      49.59     108.05
47.990      110.01      49.59     108.05
48.197      110.01      49.59     108.05
48.404      110.01      49.59     108.05
48.611      110.01      49.59     108.05
48.818      110.01      49.59     108.05
49.024      110.01      49.59     108.05
49.231      110.01      49.59     108.05
49.438      110.01      49.59     108.05
49.645      110.01      49.59     108.05
49.852      110.01      49.59     108.05
50.059      110.01      49.59     108.05
50.266      110.01      49.59     108.05
50.473      110.01      49.59     108.05
50.680      110.01      49.59     108.05
50.887      110.01      49.59     108.05
51.094      110.01      49.59     108.05
51.302      110.01      49.59     108.05
51.509      110.01      49.59     108.05
51.716      110.01      49.59     108.05
51.922      110.01      49.59     108.05
52.131      110.01      49.59     108.05
52.340      110.01      49.59     108.05
52.547      110.01      49.59     108.05
52.754      110.01      49.59     108.05
52.961      110.01      49.59     108.05
53.168      110.01      49.59     108.05
53.374      110.01      49.59     108.05
53.581      110.01      49.59     108.05
53.788      110.01      49.59     108.05
53.995      110.01      49.59     108.05
54.201      110.01      49.59     108.05
54.408      110.01      49.59     108.05
54.615      110.01      49.59     108.05
54.822      110.01      49.59     108.05
55.029      110.01      49.59     108.05
55.236      110.01      49.59     108.05
55.443      110.01      49.59     108.05
55.650      110.01      49.59     108.05
55.857      110.01      49.59     108.05
56.065      110.01      49.59     108.05
56.272      110.01      49.59     108.05
56.479      110.01      49.59     108.05
56.686      110.01      49.59     108.05
56.893      110.01      49.59     108.05
57.100      110.01      49.59     108.05
57.306      110.01      49.59     108.05
57.513      110.01      49.59     108.05
57.720      110.01      49.59     108.05
57.927      110.01      49.59     108.05
58.134      110.01      49.59     108.05
58.341      110.01      49.59     108.05
58.548      110.01      49.59     108.05
58.754      110.01      49.59     108.05
58.961      110.01      49.59     108.05
59.168      110.01      49.59     108.05
59.375      110.01      49.59     108.05
59.582      110.01      49.59     108.05
59.788      110.01      49.59     108.05
59.995      110.01      49.59     108.05
60.202      110.01      49.59     108.05
60.409      110.01      49.59     108.05
60.615      110.01      49.59     108.05
60.820        6.27       3.68       4.91
61.021        6.27       3.68       4.91
61.226      140.10     137.50     138.78
61.438      471.84     469.25     470.53
61.657      714.16     710.62     712.84
61.882      714.16     709.11     712.88
62.108      714.16     708.89     712.88
62.329      714.16     708.68     712.88
62.550      714.16     708.49     712.88
62.777      714.16     708.27     712.88
63.005      714.16     708.05     712.88
63.228      714.16     707.83     712.88
63.450      714.16     707.61     712.88
63.672      714.16     707.43     712.88
63.893      714.16     706.99     712.88
64.125      714.16     706.77     712.88
64.357      714.16     706.55     712.88
64.581      714.16     706.33     712.88
64.805      714.16     706.15     712.88
65.028      714.16     705.93     712.88
65.250      714.16     705.71     712.88
65.472      714.16     705.49     712.88
65.694      714.16     705.05     712.88
65.915      714.16     704.86     712.88
66.137      714.16     704.65     712.88
66.359      714.16     704.43     712.88
66.582      714.16     704.21     712.88
66.814      714.16     703.99     712.88
67.048      714.16     703.77     712.88
67.272      714.16     703.58     712.88
67.494      714.16     703.14     712.88
67.716      714.16     702.93     712.88
67.942      714.16     702.71     712.88
68.170      714.16     702.52     712.88
68.394      714.16     702.30     712.88
68.617      714.16     702.08     712.88
68.839      714.16     701.86     712.88
69.060      714.16     701.65     712.88
69.282      714.16     701.43     712.88
69.503      714.16     701.02     712.88
69.726      714.16     700.80     712.88
69.947      714.16     700.58     712.88
70.168      714.16     700.36     712.88
70.389      714.16     700.15     712.88
70.610      714.16     699.96     712.88
70.832      714.16     699.74     712.88
71.057      714.16     606.36     713.21
ERROR: can't open /proc/1137538/smaps: No such file or directory at /scratchNVME/pg-tpch/wss.pl line 226.
