Watching PID 1437291 page references grow, output every 0.2 seconds...
Est(s)     RSS(MB)    PSS(MB)    Ref(MB)
0.208       332.38     329.89     255.15
0.426       693.00     690.50     616.05
0.647       713.99     708.95     640.11
0.869       713.99     708.73     640.84
1.089       713.99     708.33     640.84
1.308       713.99     708.11     640.86
1.526       713.99     707.89     640.86
1.744       713.99     707.67     640.86
1.964       713.99     707.45     640.86
2.184       713.99     707.23     640.86
2.404       713.99     707.05     640.86
2.623       713.99     706.83     640.86
2.843       713.99     706.61     640.86
3.062       713.99     706.39     640.86
3.280       713.99     706.17     640.86
3.499       713.99     705.77     640.86
3.718       713.99     705.55     640.86
3.937       713.99     705.33     640.86
4.156       713.99     705.11     640.86
4.375       713.99     704.89     640.86
4.595       713.99     704.70     640.86
4.819       713.99     704.48     640.88
5.052       713.99     687.48     640.91
5.280       713.99     673.75     640.91
5.499       713.99     670.54     640.91
5.717       713.99     669.63     640.91
5.935       713.99     669.20     640.91
6.155       713.99     668.91     640.91
6.374       713.99     668.64     640.91
6.592       713.99     668.38     640.91
6.810       713.99     668.14     640.91
7.027       713.99     667.91     640.91
7.244       713.99     667.64     640.91
7.461       713.99     667.38     640.91
7.678       713.99     667.14     640.91
7.895       713.99     666.88     640.91
8.111       713.99     666.42     640.91
8.328       713.99     666.16     640.91
8.544       713.99     665.92     640.91
8.761       713.99     665.66     640.91
8.978       713.99     665.39     640.91
9.194       713.99     665.16     640.91
9.411       713.99     664.86     640.91
9.629       713.99     664.56     640.91
9.854       713.99     664.01     640.91
10.082      713.99     663.34     640.91
10.303      713.99     662.95     640.91
10.520      713.99     662.40     640.91
10.737      713.99     662.16     640.91
10.959      713.99     661.90     640.91
11.182      713.99     661.63     640.91
11.399      713.99     661.37     640.91
11.616      713.99     661.16     640.91
11.834      713.99     660.90     640.91
12.051      713.99     660.63     640.91
12.268      713.99     660.37     640.91
12.485      713.99     660.10     640.91
12.702      713.99     659.86     640.91
12.920      713.86     659.28     640.91
13.137      713.86     659.00     640.91
13.353      713.86     658.74     640.91
13.570      713.86     658.50     640.91
13.788      713.86     658.28     640.91
14.004      713.86     658.00     640.91
14.221      713.86     657.74     640.91
14.438      713.86     657.50     640.91
14.656      713.86     657.24     640.91
14.873      713.86     656.97     640.91
15.090      713.86     656.75     640.91
15.307      713.86     656.50     640.91
15.524      713.86     656.24     640.91
15.741      713.86     655.75     640.91
15.960      713.86     655.49     640.91
16.177      713.86     655.29     640.91
16.394      713.86     655.03     640.91
16.611      713.86     654.75     640.91
16.828      713.86     654.37     640.91
17.045      713.86     653.97     640.91
17.263      713.86     653.65     640.91
17.480      713.86     652.97     640.91
17.697      713.86     652.56     640.91
17.917      713.86     652.30     640.91
18.139      713.86     651.78     640.91
18.358      713.86     651.54     640.91
18.577      713.86     651.28     640.91
18.795      701.64     638.83     640.90
19.013      682.60     619.55     680.63
19.238      682.56     619.32     680.59
19.462      673.36     614.49     671.39
19.679      655.80     605.53     653.83
19.896      617.86     570.97     615.89
20.111      594.45     547.56     592.48
20.326      571.73     524.83     569.76
20.538      550.61     503.72     548.64
20.751      529.69     482.80     527.72
20.963      508.51     461.62     506.54
21.174      487.39     440.49     485.42
21.385      465.59     418.70     463.62
21.595      443.51     396.62     441.54
21.806      421.53     374.63     419.56
22.015      399.21     352.31     397.24
22.225      377.95     331.05     375.98
22.433      357.85     310.96     355.88
22.642      341.16     294.26     339.19
22.850      328.70     281.80     326.73
23.057       88.28      41.39      86.24
23.262       88.28      41.39      86.24
23.467       88.28      41.39      86.24
23.675       88.28      41.39      86.24
23.882       88.28      41.39      86.24
24.088       88.28      41.39      86.24
24.293       88.28      41.39      86.24
24.498       88.28      41.39      86.24
24.704       88.28      41.39      86.24
24.909       88.28      41.39      86.24
25.115       88.28      41.39      86.24
25.320       88.28      41.39      86.24
25.527       88.28      41.39      86.24
25.735       88.28      41.39      86.24
25.941       88.28      41.39      86.24
26.146       88.28      41.39      86.24
26.351       88.28      41.39      86.24
26.557       88.28      41.39      86.24
26.762       88.28      41.39      86.24
26.968       88.28      41.39      86.24
27.173       88.28      41.39      86.24
27.378       88.28      41.39      86.24
27.584       88.28      41.39      86.24
27.789       88.28      41.39      86.24
27.994       88.28      41.39      86.24
28.200       88.28      41.39      86.24
28.405       88.28      41.39      86.24
28.611       88.28      41.39      86.30
28.816       88.28      41.39      86.30
29.022       88.28      41.39      86.30
29.227       88.28      41.39      86.30
29.432       88.28      41.39      86.30
29.638       88.28      41.39      86.30
29.843       88.28      41.39      86.30
30.051       88.28      41.39      86.30
30.258       88.28      41.39      86.30
30.464       88.28      41.39      86.30
30.669       88.28      41.39      86.30
30.874       88.28      41.39      86.30
31.080       88.28      41.39      86.30
31.285       88.28      41.39      86.30
31.490       88.28      41.39      86.30
31.696       88.28      41.39      86.30
31.901       88.28      41.39      86.30
32.107       88.28      41.39      86.30
32.312       88.28      41.39      86.30
32.517       88.28      41.39      86.30
32.723       88.28      41.39      86.30
32.928       88.28      41.39      86.30
33.134       88.28      41.39      86.30
33.339       88.28      41.39      86.30
33.544       88.28      41.39      86.30
33.750       88.28      41.39      86.30
33.955       88.28      41.39      86.30
34.160       88.28      41.39      86.30
34.366       88.28      41.39      86.30
34.571       88.28      41.39      86.30
34.777       88.28      41.39      86.30
34.982       88.28      41.39      86.30
35.187       88.28      41.39      86.30
35.393       88.28      41.39      86.30
35.598       88.28      41.39      86.30
35.803       88.28      41.39      86.30
36.009       88.28      41.39      86.30
36.214       88.28      41.39      86.30
36.420       88.28      41.39      86.30
36.625       88.28      41.39      86.30
36.830       88.28      41.39      86.30
37.036       88.28      41.39      86.30
37.243       88.28      41.39      86.30
37.451       88.28      41.39      86.30
37.656       88.28      41.39      86.30
37.862       88.28      41.39      86.30
38.067       88.28      41.39      86.30
38.272       88.28      41.39      86.30
38.478       88.28      41.39      86.30
38.683       88.28      41.39      86.30
38.888       88.28      41.39      86.30
39.094       88.28      41.39      86.30
39.299       88.28      41.39      86.30
39.505       88.28      41.39      86.30
39.710       88.28      41.39      86.30
39.915       88.28      41.39      86.30
40.121       88.28      41.39      86.30
40.326       88.28      41.39      86.30
40.531       88.28      41.39      86.30
40.737       88.28      41.39      86.30
40.942       88.28      41.39      86.30
41.148       88.28      41.39      86.30
41.353       88.28      41.39      86.30
41.558       88.28      41.39      86.30
41.764       88.28      41.39      86.30
41.969       88.28      41.39      86.30
42.174       88.28      41.39      86.30
42.380       88.28      41.39      86.30
42.585       88.28      41.39      86.30
42.790       88.28      41.39      86.30
42.996       88.28      41.39      86.30
43.201       88.28      41.39      86.30
43.407       88.28      41.39      86.30
43.612       88.28      41.39      86.30
43.817       88.28      41.39      86.30
44.023       88.28      41.39      86.30
44.228       88.28      41.39      86.30
44.433       88.28      41.39      86.30
44.639       88.28      41.39      86.30
44.844       88.28      41.39      86.30
45.050       88.28      41.39      86.30
45.255       88.28      41.39      86.30
45.460       88.28      41.39      86.30
45.666       88.28      41.39      86.30
45.871       88.28      41.39      86.30
46.076       88.28      41.39      86.30
46.282       88.28      41.39      86.30
46.487       88.28      41.39      86.30
46.693       88.28      41.39      86.30
46.898       88.28      41.39      86.30
47.103       88.28      41.39      86.30
47.309       88.28      41.39      86.30
47.514       88.28      41.39      86.30
47.719       88.28      41.39      86.30
47.925       88.28      41.39      86.30
48.130       88.28      41.39      86.30
48.336       88.28      41.39      86.30
48.541       88.28      41.39      86.30
48.748       88.28      41.39      86.30
48.956       88.28      41.39      86.30
49.161       88.28      41.39      86.30
49.367       88.28      41.39      86.30
49.572       88.28      41.39      86.30
49.777       88.28      41.39      86.30
49.983       88.28      41.39      86.30
50.188       88.28      41.39      86.30
50.394       88.28      41.39      86.30
50.599       88.28      41.39      86.30
50.804       88.28      41.39      86.30
51.010       88.28      41.39      86.30
51.215       88.28      41.39      86.30
51.420       88.28      41.39      86.30
51.626       88.28      41.39      86.30
51.831       88.28      41.39      86.30
52.037       88.28      41.39      86.30
52.242       88.28      41.39      86.30
52.447       88.28      41.39      86.30
52.653       88.28      41.39      86.30
52.858       88.28      41.39      86.30
53.063       88.28      41.39      86.30
53.269       88.28      41.39      86.30
53.474       88.28      41.39      86.30
53.680       88.28      41.39      86.30
53.885       88.28      41.39      86.30
54.090       88.28      41.39      86.30
54.296       88.28      41.39      86.30
54.501       88.28      41.39      86.30
54.706       88.28      41.39      86.30
54.912       88.28      41.39      86.30
55.117       88.28      41.39      86.30
55.323       88.28      41.39      86.30
55.528       88.28      41.39      86.30
55.734       88.28      41.39      86.30
55.939       88.28      41.39      86.30
56.144       88.28      41.39      86.30
56.350       88.28      41.39      86.30
56.555       88.28      41.39      86.30
56.761       88.28      41.39      86.30
56.966       88.28      41.39      86.30
57.171       88.28      41.39      86.30
57.377       88.28      41.39      86.30
57.582       88.28      41.39      86.30
57.788       88.28      41.39      86.30
57.993       88.28      41.39      86.30
58.198       88.28      41.39      86.30
58.404       88.28      41.39      86.30
58.609       88.28      41.39      86.30
58.814       88.28      41.39      86.30
59.022       88.28      41.39      86.30
59.229       88.28      41.39      86.30
59.435       88.28      41.39      86.30
59.640       88.28      41.39      86.30
59.845       88.28      41.39      86.30
60.051       88.28      41.39      86.30
60.256       88.28      41.39      86.30
60.461       88.28      41.39      86.30
60.667       88.28      41.39      86.30
60.873        6.11       1.51       4.13
61.076        6.16       1.86       4.51
61.280        6.16       1.86       4.51
61.484        6.16       1.86       4.51
61.687        6.16       1.86       4.51
61.891        6.16       1.86       4.51
62.094        6.16       1.86       4.51
62.297        6.16       1.86       4.51
62.501        6.16       1.86       4.51
62.705        6.16       1.86       4.51
62.908        6.16       1.86       4.51
63.112        6.16       1.86       4.51
63.315        6.16       1.86       4.51
63.519        6.16       1.86       4.51
63.723        6.16       1.86       4.51
63.926        6.16       1.86       4.51
64.130        6.16       1.86       4.51
64.334        6.16       1.86       4.51
64.537        6.16       1.86       4.51
64.741        6.16       1.86       4.51
64.945        6.16       1.86       4.51
65.148        6.16       1.86       4.51
65.352        6.16       1.86       4.51
65.556        6.16       1.86       4.51
65.759        6.16       1.86       4.51
65.963        6.16       1.86       4.51
66.167        6.16       1.86       4.51
66.371        6.16       1.86       4.51
66.575        6.16       1.86       4.51
66.778        6.16       1.86       4.51
66.982        6.16       1.86       4.51
67.186        6.16       1.86       4.51
67.389        6.16       1.86       4.51
67.593        6.16       1.86       4.51
67.797        6.16       1.86       4.51
68.000        6.16       1.86       4.51
68.204        6.16       1.86       4.51
68.408        6.16       1.86       4.51
68.611        6.16       1.86       4.51
68.815        6.16       1.86       4.51
69.019        6.16       1.86       4.51
69.222        6.16       1.86       4.51
69.426        6.16       1.86       4.51
69.630        6.16       1.86       4.51
69.833        6.16       1.86       4.51
70.037        6.16       1.86       4.51
70.241        6.16       1.86       4.51
70.444        6.16       1.86       4.51
70.648        6.16       1.86       4.51
70.852        6.16       1.86       4.51
71.055        6.16       1.86       4.51
71.259        6.16       2.43       4.97
71.463        6.16       2.43       4.97
71.666        6.16       2.43       4.97
71.870        6.16       2.43       4.97
72.073        6.16       2.43       4.97
72.277        6.16       2.43       4.97
72.481        6.16       2.43       4.97
72.684        6.16       2.43       4.97
72.888        6.16       2.43       4.97
73.092        6.16       2.43       4.97
73.295        6.16       2.43       4.97
73.499        6.16       2.43       4.97
73.701        6.11       3.62       4.91
ERROR: can't open /proc/1437291/smaps: No such file or directory at /scratchNVME/pg-tpch/wss.pl line 226.
