Watching PID 2377046 page references grow, output every 0.2 seconds...
Est(s)     RSS(MB)    PSS(MB)    Ref(MB)
0.211       529.49     526.86     332.05
0.432       714.16     709.07     520.10
0.653       714.16     708.85     520.10
0.871       714.16     708.66     520.10
1.091       714.16     708.44     520.22
1.316       714.16     708.22     520.93
1.540       714.16     708.01     520.93
1.758       714.16     707.79     520.93
1.975       714.16     707.38     520.93
2.192       714.16     707.16     520.93
2.408       714.16     706.94     520.93
2.625       714.16     706.72     520.93
2.841       714.16     706.51     520.93
3.058       714.16     706.32     520.93
3.274       714.16     706.10     520.93
3.490       714.16     705.88     520.93
3.707       714.16     705.66     521.05
3.923       714.16     705.44     521.05
4.141       714.16     705.22     521.05
4.358       714.16     705.04     521.05
4.574       714.16     704.66     521.05
4.790       714.16     704.38     521.05
5.012       714.16     700.59     521.06
5.240       714.16     697.64     521.06
5.467       714.16     696.33     521.06
5.693       714.16     674.71     521.06
5.918       714.16     670.23     521.06
6.141       714.16     669.12     521.06
6.365       714.16     668.71     521.06
6.589       714.16     668.25     521.06
6.813       714.16     667.98     521.06
7.037       714.16     667.71     521.06
7.261       714.16     667.43     521.06
7.485       714.16     667.10     521.06
7.709       714.16     666.58     521.06
7.932       714.16     665.99     521.06
8.154       714.16     665.35     521.06
8.378       714.16     665.08     521.06
8.602       714.16     664.57     521.06
8.826       714.16     664.33     521.06
9.050       714.16     664.06     521.06
9.275       714.16     663.79     521.06
9.499       714.16     663.52     521.06
9.723       714.16     663.24     521.06
9.947       714.16     663.02     521.06
10.171      714.16     662.84     521.06
10.395      714.16     662.62     521.06
10.619      714.16     662.18     521.06
10.843      714.16     661.96     521.06
11.067      714.16     661.78     521.06
11.292      714.16     661.56     521.06
11.516      714.16     661.34     521.06
11.739      714.16     661.12     521.06
11.961      714.16     660.90     521.06
12.186      714.16     660.68     521.06
12.409      714.16     660.28     521.06
12.632      714.16     660.06     521.06
12.856      714.16     659.84     521.06
13.080      714.16     659.62     521.06
13.304      714.16     659.40     521.06
13.529      714.16     659.21     521.06
13.753      714.16     658.99     521.06
13.977      714.16     658.78     521.06
14.201      714.16     658.56     521.06
14.425      714.16     658.12     521.06
14.649      714.16     657.93     521.06
14.873      714.16     657.71     521.06
15.097      714.16     657.50     521.06
15.322      714.16     657.28     521.06
15.546      714.16     657.06     521.06
15.770      714.16     656.87     521.06
15.995      714.16     656.65     521.06
16.219      714.16     656.43     521.06
16.443      714.16     655.99     521.06
16.668      714.16     655.78     521.06
16.891      714.16     655.59     521.06
17.114      714.16     655.37     521.06
17.338      714.16     655.15     521.06
17.562      714.16     654.93     521.06
17.787      714.16     654.71     521.06
18.011      714.16     654.49     521.06
18.235      714.16     654.09     521.06
18.460      714.16     653.87     521.06
18.684      714.16     653.65     521.06
18.908      714.16     653.43     521.06
19.133      714.16     653.21     521.06
19.357      714.16     653.03     521.06
19.581      714.16     652.81     521.06
19.806      714.16     652.59     521.06
20.030      714.16     652.37     521.06
20.255      714.16     651.96     521.06
20.479      714.16     651.74     521.06
20.703      714.16     651.53     521.06
20.928      714.16     651.31     521.06
21.152      714.16     651.09     521.06
21.377      714.16     650.87     521.06
21.601      714.16     650.68     521.06
21.826      714.16     650.46     521.06
22.048      714.16     650.03     521.06
22.271      714.16     649.81     521.06
22.496      714.16     649.59     521.06
22.720      714.16     649.40     521.06
22.944      714.16     649.18     521.06
23.169      714.16     648.96     521.06
23.393      714.16     648.74     521.06
23.618      714.16     648.53     521.06
23.842      714.16     648.31     521.06
24.067      714.16     647.90     521.06
24.291      714.16     647.68     521.06
24.516      714.16     647.46     521.06
24.740      714.16     647.24     521.06
24.965      714.16     647.06     521.06
25.189      714.16     646.84     521.06
25.412      714.16     646.62     521.06
25.635      714.16     646.40     521.06
25.859      714.16     645.96     521.06
26.084      714.16     645.78     521.06
26.308      714.16     645.56     521.06
26.533      714.16     645.34     521.06
26.757      714.16     645.12     521.06
26.982      714.16     644.90     521.06
27.206      714.16     644.68     521.06
27.431      714.16     644.49     521.06
27.656      714.16     644.28     521.12
27.880      714.16     643.84     521.12
28.105      714.16     643.62     521.12
28.329      714.16     643.40     521.12
28.554      714.16     643.21     521.12
28.779      714.16     642.99     521.12
29.003      714.16     642.78     521.12
29.228      714.16     642.56     521.12
29.452      714.16     642.34     521.12
29.677      714.16     641.93     521.12
29.900      714.16     641.71     521.12
30.124      714.16     641.49     521.12
30.348      714.16     641.28     521.12
30.573      714.16     641.06     521.12
30.797      714.16     640.87     521.12
31.022      714.16     640.65     521.12
31.247      714.16     640.43     521.12
31.471      714.16     640.21     521.12
31.696      714.16     639.78     521.12
31.921      714.16     639.59     521.12
32.145      714.16     639.37     521.12
32.370      714.16     639.15     521.12
32.595      714.16     638.93     521.12
32.819      714.16     638.71     521.12
33.044      714.16     638.49     521.12
33.269      714.16     638.31     521.12
33.493      714.16     637.87     521.12
33.718      714.16     637.65     521.12
33.941      714.16     637.43     521.12
34.164      714.16     637.24     521.12
34.388      714.16     637.03     521.12
34.613      714.16     636.81     521.12
34.838      714.16     636.59     521.12
35.063      714.16     636.37     521.12
35.287      714.16     636.15     521.12
35.512      714.16     635.74     521.12
35.735      714.16     635.52     521.12
35.959      714.16     635.31     521.12
36.184      714.16     635.09     521.12
36.407      714.16     634.87     521.12
36.631      714.16     634.68     521.12
36.856      714.16     634.46     521.12
37.080      714.16     634.24     521.12
37.305      714.16     633.81     521.12
37.530      714.16     633.59     521.12
37.755      714.16     633.40     521.12
37.979      714.16     633.18     521.12
38.204      714.16     632.96     521.12
38.429      714.16     632.74     521.12
38.654      714.16     632.53     521.12
38.879      714.16     632.34     521.12
39.103      714.16     632.12     521.12
39.328      714.16     631.68     521.12
39.553      714.16     631.46     521.12
39.778      714.16     631.24     521.12
40.003      714.16     631.06     521.12
40.228      714.16     630.84     521.12
40.452      714.16     630.62     521.12
40.677      714.16     630.40     521.12
40.901      714.16     630.18     521.12
41.125      714.16     629.77     521.12
41.350      714.16     629.56     521.12
41.574      714.16     629.34     521.12
41.799      714.16     629.12     521.12
42.024      714.16     628.90     521.12
42.249      714.16     628.68     521.12
42.474      714.16     628.49     521.12
42.699      714.16     628.28     521.12
42.922      714.16     627.84     521.12
43.144      714.16     627.62     521.12
43.369      714.16     627.43     521.12
43.594      714.16     627.21     521.12
43.819      714.16     626.99     521.12
44.044      714.16     626.78     521.12
44.269      714.16     626.56     521.12
44.494      714.16     626.34     521.12
44.719      714.16     626.15     521.12
44.944      714.16     625.71     521.12
45.169      714.16     625.49     521.12
45.394      714.16     625.28     521.12
45.618      714.16     625.06     521.12
45.843      714.16     624.87     521.12
46.068      714.16     624.65     521.12
46.293      714.16     624.43     521.12
46.518      714.16     624.21     521.12
46.743      714.16     623.77     521.12
46.968      714.16     623.59     521.12
47.193      714.16     623.37     521.12
47.418      714.16     623.15     521.12
47.643      714.16     622.93     521.12
47.868      714.16     622.71     521.12
48.093      714.16     622.52     521.12
48.318      714.16     622.31     521.12
48.543      714.16     622.06     521.12
48.768      714.16     621.65     521.12
48.993      714.16     621.43     521.12
49.218      714.16     621.24     521.12
49.443      714.16     621.03     521.12
49.668      714.16     620.81     521.12
49.893      714.16     620.59     521.12
50.118      714.16     620.37     521.12
50.343      714.16     620.15     521.12
50.568      714.16     619.74     521.12
50.793      714.16     619.53     521.12
51.018      714.16     619.31     521.12
51.243      714.16     619.09     521.12
51.468      714.16     618.87     521.12
51.693      714.16     618.68     521.12
51.918      714.16     618.46     521.12
52.143      714.16     618.24     521.12
52.368      714.16     617.81     521.12
52.594      714.16     617.62     521.12
52.819      714.16     617.40     521.12
53.044      714.16     617.18     521.12
53.269      714.16     616.96     521.12
53.494      714.16     616.74     521.12
53.719      714.16     616.53     521.12
53.944      714.16     616.34     521.12
54.169      714.16     615.90     521.12
54.394      714.16     615.68     521.12
54.619      714.16     615.46     521.12
54.844      714.16     615.24     521.12
55.070      714.16     615.06     521.12
55.295      714.16     614.84     521.12
55.520      714.16     614.62     521.12
55.743      714.16     614.40     521.12
55.966      714.16     614.18     521.12
56.192      714.16     613.78     521.12
56.415      714.16     613.56     521.12
56.639      714.16     613.34     521.12
56.864      714.16     613.12     521.12
57.089      714.16     612.90     521.12
57.314      714.16     612.71     521.12
57.539      714.16     612.49     521.12
57.765      714.16     612.28     521.12
57.990      714.16     611.84     521.12
58.215      714.16     611.62     521.12
58.440      714.16     611.43     521.12
58.665      714.16     611.21     521.12
58.891      714.16     610.99     521.12
59.116      714.16     610.78     521.12
59.341      714.16     610.56     521.12
59.566      714.16     610.34     521.12
59.791      714.16     609.93     521.12
60.017      714.16     609.71     521.12
60.242      714.16     609.49     521.12
60.467      714.16     609.28     520.50
60.692      714.16     609.06     520.50
60.918      714.16     608.87     520.50
61.143      714.16     608.65     520.50
61.368      714.16     608.43     520.50
61.593      714.16     608.00     520.50
61.816      714.16     607.81     520.50
62.040      714.16     607.59     520.50
62.265      714.16     607.37     520.50
62.490      714.16     607.15     520.50
62.715      714.16     606.93     520.50
62.940      714.16     606.72     520.50
63.166      714.16     606.53     520.50
63.391      714.16     606.31     520.50
63.616      714.16     605.87     520.50
63.841      714.16     605.65     520.50
64.067      714.16     605.43     520.50
64.292      714.16     605.25     520.50
64.517      714.16     605.03     520.50
64.743      714.16     604.81     520.50
64.968      714.16     604.59     520.50
65.193      714.16     604.37     520.50
65.417      714.16     603.96     520.50
65.641      714.16     603.75     520.50
65.866      714.16     603.53     520.50
66.091      714.16     603.31     520.50
66.317      714.16     603.09     520.50
66.542      714.16     602.90     520.50
66.767      714.16     602.68     520.50
66.993      714.16     602.46     520.50
67.218      714.16     602.03     520.50
67.443      714.16     601.81     520.50
67.669      714.16     601.62     520.50
67.894      714.16     601.40     520.50
68.119      714.16     601.19     520.50
68.345      714.16     600.97     520.50
68.570      714.16     600.75     520.50
68.795      714.16     600.53     520.50
69.021      714.16     600.12     520.50
69.246      714.16     599.90     520.50
69.472      714.16     599.68     520.50
69.697      714.16     599.47     520.50
69.922      714.16     599.25     520.50
70.148      714.16     599.06     520.50
70.373      714.16     598.84     520.50
70.599      714.16     598.62     520.50
70.824      714.16     598.40     520.50
71.050      714.16     598.00     520.50
71.275      714.16     597.78     520.50
71.500      714.16     597.56     520.50
71.726      714.16     597.34     520.50
71.951      714.16     597.12     520.50
72.177      714.16     596.90     520.50
72.402      714.16     596.72     520.50
72.627      714.16     596.50     520.50
72.853      714.16     596.06     520.50
73.078      714.16     595.84     520.50
73.304      714.16     595.62     520.50
73.529      714.16     595.43     520.50
73.755      714.16     595.22     520.50
73.980      714.16     595.00     520.50
74.205      714.16     594.78     520.50
74.429      714.16     594.56     520.50
74.652      714.16     594.15     520.50
74.878      714.16     593.93     520.50
75.103      714.16     593.72     520.50
75.329      714.16     593.50     520.50
75.554      714.16     593.28     520.50
75.780      714.16     593.09     520.50
76.005      714.16     592.87     520.50
76.231      714.16     592.65     520.50
76.456      714.16     592.22     520.50
76.682      714.16     592.00     520.50
76.907      714.16     591.81     520.50
77.133      714.16     591.59     520.50
77.358      714.16     591.37     520.50
77.584      714.16     591.15     520.50
77.810      714.16     590.93     520.50
78.035      714.16     590.72     520.50
78.261      714.16     590.31     520.50
78.486      714.16     590.09     520.50
78.710      714.16     589.87     520.50
78.934      714.16     589.65     520.50
79.159      714.16     589.43     520.50
79.385      714.16     589.25     520.50
79.610      714.16     589.03     520.50
79.835      714.16     588.81     520.50
80.060      714.16     588.59     520.50
80.286      714.16     588.18     520.50
80.512      714.16     587.97     520.50
80.735      714.16     587.75     520.50
80.959      714.16     587.53     520.50
81.184      714.16     587.31     520.50
81.410      714.16     587.09     520.50
81.635      714.16     586.90     520.50
81.861      714.16     586.68     520.50
82.086      714.16     586.25     520.50
82.312      714.16     586.03     520.50
82.538      714.16     585.81     520.50
82.763      714.16     585.62     520.50
82.989      714.16     585.40     520.50
83.214      714.16     585.18     520.50
83.440      714.16     584.97     520.50
83.666      714.16     584.75     520.50
83.891      714.16     584.34     520.50
84.117      714.16     584.12     520.50
84.343      714.16     583.90     520.50
84.568      714.16     583.69     520.50
84.794      714.16     583.46     520.50
85.020      714.16     583.28     520.50
85.246      714.16     583.06     520.50
85.471      714.16     582.84     520.50
85.697      714.16     582.40     520.50
85.921      714.16     582.18     520.50
86.145      714.16     582.00     520.50
86.370      714.16     581.78     520.50
86.596      714.16     581.56     520.50
86.822      714.16     581.34     520.50
87.047      714.16     581.12     520.50
87.272      714.16     580.90     520.50
87.498      714.16     580.50     520.50
87.723      714.16     580.28     520.50
87.947      714.16     580.06     520.50
88.171      714.16     579.84     520.50
88.397      714.16     579.62     520.50
88.622      714.16     579.43     520.50
88.848      714.16     579.21     520.50
89.073      714.16     579.00     520.50
89.298      714.16     578.56     520.50
89.524      714.16     578.34     520.50
89.749      714.16     578.15     520.50
89.975      714.16     577.93     520.50
90.201      714.16     577.72     520.50
90.425      714.16     577.50     520.50
90.649      714.16     577.28     520.50
90.875      714.16     577.09     520.50
91.101      714.16     576.87     520.50
91.327      714.16     576.43     520.50
91.553      714.16     576.21     520.50
91.779      714.16     576.00     520.50
92.004      714.16     575.81     520.50
92.230      714.16     575.59     520.50
92.456      714.16     575.37     520.50
92.682      714.16     575.15     520.50
92.907      714.16     574.93     520.50
93.133      714.16     574.53     520.50
93.359      714.16     574.31     520.50
93.585      714.16     574.09     520.50
93.811      714.16     573.87     520.50
94.037      714.16     573.65     520.50
94.262      714.16     573.43     520.50
94.488      714.16     573.25     520.50
94.714      714.16     573.03     520.50
94.940      714.16     572.59     520.50
95.166      714.16     572.37     520.50
95.392      714.16     572.18     520.50
95.618      714.16     571.97     520.50
95.844      714.16     571.75     520.50
96.070      714.16     571.53     520.50
96.294      714.16     571.31     520.50
96.518      714.16     571.09     520.50
96.744      714.16     570.68     520.50
96.968      714.16     570.47     520.50
97.193      714.16     570.25     520.50
97.418      714.16     570.03     520.50
97.643      714.16     569.81     520.50
97.869      714.16     569.62     520.50
98.095      714.16     569.40     520.50
98.319      714.16     569.18     520.50
98.543      714.16     568.75     520.50
98.769      714.16     568.53     520.50
98.995      714.16     568.34     520.50
99.221      714.16     568.12     520.50
99.446      714.16     567.90     520.50
99.671      714.16     567.68     520.50
99.897      714.16     567.46     520.50
100.120     714.16     567.28     520.50
100.342     714.16     566.84     520.50
100.566     714.16     566.62     520.50
100.792     714.16     566.40     520.50
101.018     714.16     566.18     520.50
101.244     714.16     566.00     520.50
101.469     714.16     565.78     520.50
101.694     714.16     565.56     520.50
101.920     714.16     565.34     520.50
102.146     714.16     564.90     520.50
102.370     714.16     564.72     520.50
102.594     714.16     564.50     520.50
102.820     714.16     564.28     520.50
103.046     714.16     564.06     520.50
103.272     714.16     563.84     520.50
103.498     714.16     563.62     520.50
103.724     714.16     563.43     520.50
103.950     714.16     563.22     520.50
104.176     714.16     562.78     520.50
104.402     714.16     562.56     520.50
104.628     714.16     562.37     520.50
104.854     714.16     562.15     520.50
105.080     714.16     561.93     520.50
105.307     714.16     561.72     520.50
105.531     714.16     561.50     520.50
105.755     714.16     561.28     520.50
105.981     714.16     560.87     520.50
106.207     714.16     560.65     520.50
106.431     714.16     560.43     520.50
106.654     714.16     560.22     520.50
106.880     714.16     560.00     520.50
107.106     714.16     559.81     520.50
107.332     714.16     559.59     520.50
107.556     714.16     559.37     520.50
107.780     714.16     558.93     520.50
108.006     714.16     558.72     520.50
108.232     714.16     558.53     520.50
108.458     714.16     558.31     520.50
108.683     714.16     558.09     520.50
108.908     714.16     557.87     520.50
109.134     714.16     557.65     520.50
109.360     714.16     557.46     520.50
109.586     714.16     557.03     520.50
109.812     714.16     556.81     520.50
110.038     714.16     556.59     520.50
110.264     714.16     556.37     520.50
110.491     714.16     556.18     520.50
110.717     714.16     555.96     520.50
110.943     714.16     555.75     520.50
111.169     714.16     555.53     520.50
111.395     714.16     555.09     520.50
111.622     714.16     554.90     520.50
111.847     714.16     554.68     520.50
112.071     714.16     554.47     520.50
112.298     714.16     554.25     520.50
112.524     714.16     554.03     520.50
112.750     714.16     553.81     520.50
112.976     714.16     553.62     520.50
113.202     714.16     553.18     520.50
113.427     714.16     552.97     520.50
113.652     714.16     552.75     520.50
113.876     714.16     552.56     520.50
114.101     714.16     552.34     520.50
114.327     714.16     552.12     520.50
114.553     714.16     551.90     520.50
114.779     714.16     551.68     520.50
115.005     714.16     551.28     520.50
115.230     714.16     551.06     520.50
115.456     714.16     550.84     520.50
115.683     714.16     550.62     520.50
115.907     714.16     550.40     520.50
116.131     714.16     550.18     520.50
116.357     714.16     550.00     520.50
116.583     714.16     549.78     520.50
116.809     714.16     549.34     520.50
117.036     714.16     549.12     520.50
117.262     714.16     548.90     520.50
117.488     714.16     548.72     520.50
117.715     714.16     548.50     520.50
117.941     714.16     548.28     520.50
118.167     714.16     548.06     520.50
118.393     714.16     547.84     520.50
118.620     714.16     547.43     520.50
118.846     714.16     547.22     520.50
119.072     714.16     547.00     520.50
119.299     714.16     546.78     520.50
119.525     714.16     546.56     520.50
119.751     714.16     546.37     520.50
119.978     714.16     546.15     520.50
120.204     714.16     545.93     520.50
120.429     714.16     545.50     520.50
120.653     714.16     545.31     521.19
120.880     714.16     545.31     521.19
121.106     714.16     545.31     521.19
121.332     714.16     545.31     521.19
121.559     714.16     545.31     521.19
121.785     714.16     545.31     521.19
122.011     714.16     545.31     521.19
122.238     714.16     545.31     521.19
122.464     714.16     545.31     521.19
122.690     714.16     545.31     521.19
122.917     714.16     545.31     521.19
123.143     714.16     545.31     521.19
123.369     714.16     545.31     521.19
123.596     714.16     545.31     521.19
123.822     714.16     545.31     521.19
124.048     714.16     545.31     521.19
124.275     714.16     545.31     521.19
124.501     714.16     545.31     521.19
124.727     714.16     545.31     521.19
124.954     714.16     545.31     521.19
125.180     714.16     545.31     521.19
125.406     714.16     545.31     521.19
125.633     714.16     545.31     521.19
125.859     714.16     545.31     521.19
126.085     714.16     545.31     521.19
126.312     714.16     545.31     521.19
126.538     714.16     545.31     521.19
126.764     714.16     545.31     521.19
126.991     714.16     545.31     521.19
127.217     714.16     545.31     521.19
127.441     714.16     545.31     521.19
127.665     714.16     545.31     521.19
127.891     714.16     545.31     521.19
128.118     714.16     545.31     521.19
128.344     714.16     545.31     521.19
128.570     714.16     545.31     521.19
128.796     714.16     545.31     521.19
129.023     714.16     545.31     521.19
129.249     714.16     545.31     521.19
129.475     714.16     545.31     521.19
129.702     714.16     545.31     521.19
129.928     714.16     545.31     521.19
130.154     714.16     545.31     521.19
130.381     714.16     545.31     521.19
130.607     714.16     545.31     521.19
130.833     714.16     545.31     521.19
131.060     714.16     545.31     521.19
131.286     714.16     545.31     521.19
131.512     714.16     545.31     521.19
131.737     714.16     545.31     521.19
131.962     714.16     545.31     521.19
132.188     714.16     545.31     521.19
132.415     714.16     545.31     521.19
132.641     714.16     545.31     521.19
132.867     714.16     545.31     521.19
133.094     714.16     545.31     521.19
133.320     714.16     545.31     521.19
133.546     714.16     545.31     521.19
133.773     714.16     545.31     521.19
133.999     714.16     545.31     521.19
134.225     714.16     545.31     521.19
134.452     714.16     545.31     521.19
134.678     714.16     545.31     521.19
134.904     714.16     545.31     521.19
135.131     714.16     545.31     521.19
135.357     714.16     545.31     521.19
135.583     714.16     545.31     521.19
135.809     714.16     545.31     521.19
136.036     714.16     545.31     521.19
136.261     714.16     545.31     521.19
136.485     714.16     545.31     521.19
136.712     714.16     545.31     521.19
136.938     714.16     545.31     521.19
137.164     714.16     545.31     521.19
137.391     714.16     545.31     521.19
137.617     714.16     545.31     521.19
137.843     714.16     545.31     521.19
138.070     714.16     545.31     521.19
138.296     714.16     545.31     521.19
138.522     714.16     545.31     521.19
138.748     714.16     545.31     521.19
138.975     714.16     545.31     521.19
139.201     714.16     545.31     521.19
139.426     714.16     545.31     521.19
139.652     714.16     545.31     521.19
139.878     714.16     545.31     521.19
140.104     714.16     545.31     521.19
140.329     714.16     545.31     521.19
140.555     714.16     545.31     521.19
140.780     714.16     545.31     521.19
141.006     714.16     545.31     521.19
141.233     714.16     545.31     521.19
141.457     714.16     545.31     521.19
141.681     714.16     545.31     521.19
141.907     714.16     545.31     521.19
142.134     714.16     545.31     521.19
142.360     714.16     545.31     521.19
142.585     714.16     545.31     521.19
142.809     714.16     545.31     521.19
143.036     714.16     545.31     521.19
143.262     714.16     545.31     521.19
143.488     714.16     545.31     521.19
143.714     714.16     545.31     521.19
143.940     714.16     545.31     521.19
144.166     714.16     545.31     521.19
144.393     714.16     545.31     521.19
144.617     714.16     545.31     521.19
144.841     714.16     545.31     521.19
145.068     714.16     545.31     521.19
145.294     714.16     545.31     521.19
145.520     714.16     545.31     521.19
145.746     714.16     545.31     521.19
145.973     714.16     545.31     521.19
146.199     714.16     545.31     521.19
146.425     714.16     545.31     521.19
146.650     714.16     545.31     521.19
146.877     714.16     545.31     521.19
147.103     714.16     545.31     521.19
147.329     714.16     545.31     521.19
147.556     714.16     545.31     521.19
147.782     714.16     545.31     521.19
148.008     714.16     545.31     521.19
148.235     714.16     545.31     521.19
148.461     714.16     545.31     521.19
148.687     714.16     545.31     521.19
148.914     714.16     545.31     521.19
149.140     714.16     545.31     521.19
149.366     714.16     545.31     521.19
149.593     714.16     545.31     521.19
149.819     714.16     545.31     521.19
150.045     714.16     545.31     521.19
150.271     714.16     545.31     521.19
150.498     714.16     545.31     521.19
150.724     714.16     545.31     521.19
150.950     714.16     545.31     521.19
151.177     714.16     545.31     521.19
151.403     714.16     545.31     521.19
151.629     714.16     545.31     521.19
151.856     714.16     545.31     521.19
152.082     714.16     545.31     521.19
152.308     714.16     545.31     521.19
152.535     714.16     545.31     521.19
152.761     714.16     545.31     521.19
152.987     714.16     545.31     521.19
153.214     714.16     545.31     521.19
153.438     714.16     545.31     521.19
153.663     714.16     545.31     521.19
153.887     714.16     545.31     521.19
154.111     714.16     545.31     521.19
154.338     714.16     545.31     521.19
154.564     714.16     545.31     521.19
154.791     714.16     545.31     521.19
155.017     714.16     545.31     521.19
155.241     714.16     545.31     521.19
155.466     714.16     545.31     521.19
155.692     714.16     545.31     521.19
155.918     714.16     545.31     521.19
156.145     714.16     545.31     521.19
156.370     714.16     545.31     521.19
156.595     714.16     545.31     521.19
156.821     714.16     545.31     521.19
157.048     714.16     545.31     521.19
157.274     714.16     545.31     521.19
157.500     714.16     545.31     521.19
157.726     714.16     545.31     521.19
157.953     714.16     545.31     521.19
158.179     714.16     545.31     521.19
158.403     714.16     545.31     521.19
158.628     714.16     545.31     521.19
158.854     714.16     545.31     521.19
159.080     714.16     545.31     521.19
159.306     714.16     545.31     521.19
159.532     714.16     545.31     521.19
159.757     714.16     545.31     521.19
159.983     714.16     545.31     521.19
160.210     714.16     545.31     521.19
160.434     714.16     545.31     521.19
160.659     714.16     545.31     521.19
160.885     714.16     545.31     521.19
161.112     714.16     545.31     521.19
161.338     714.16     545.31     521.19
161.563     714.16     545.31     521.19
161.787     714.16     545.31     521.19
162.014     714.16     545.31     521.19
162.240     714.16     545.31     521.19
162.466     714.16     545.31     521.19
162.692     714.16     545.31     521.19
162.918     714.16     545.31     521.19
163.144     714.16     545.31     521.19
163.370     714.16     545.31     521.19
163.594     714.16     545.31     521.19
163.818     714.16     545.31     521.19
164.045     714.16     545.31     521.19
164.271     714.16     545.31     521.19
164.497     714.16     545.31     521.19
164.722     714.16     545.31     521.19
164.947     714.16     545.31     521.19
165.174     714.16     545.31     521.19
165.400     714.16     545.31     521.19
165.626     714.16     545.31     521.19
165.852     714.16     545.31     521.19
166.078     714.16     545.31     521.19
166.305     714.16     545.31     521.19
166.531     714.16     545.31     521.19
166.755     714.16     545.31     521.19
166.979     714.16     545.31     521.19
167.206     714.16     545.31     521.19
167.431     714.16     545.31     521.19
167.656     714.16     545.31     521.19
167.882     714.16     545.31     521.19
168.109     714.16     545.31     521.19
168.335     714.16     545.31     521.19
168.561     714.16     545.31     521.19
168.788     714.16     545.31     521.19
169.014     714.16     545.31     521.19
169.240     714.16     545.31     521.19
169.466     714.16     545.31     521.19
169.693     714.16     545.31     521.19
169.917     714.16     545.31     521.19
170.141     714.16     545.31     521.19
170.368     714.16     545.31     521.19
170.594     714.16     545.31     521.19
170.820     714.16     545.31     521.19
171.046     714.16     545.31     521.19
171.271     714.16     545.31     521.19
171.497     714.16     545.31     521.19
171.723     714.16     545.31     521.19
171.950     714.16     545.31     521.19
172.176     714.16     545.31     521.19
172.402     714.16     545.31     521.19
172.629     714.16     545.31     521.19
172.855     714.16     545.31     521.19
173.080     714.16     545.31     521.19
173.304     714.16     545.31     521.19
173.530     714.16     545.31     521.19
173.757     714.16     545.31     521.19
173.983     714.16     545.31     521.19
174.208     714.16     545.31     521.19
174.432     714.16     545.31     521.19
174.657     714.16     545.31     521.19
174.883     714.16     545.31     521.19
175.108     714.16     545.31     521.19
175.332     714.16     545.31     521.19
175.558     714.16     545.31     521.19
175.785     714.16     545.31     521.19
176.011     714.16     545.31     521.19
176.236     714.16     545.31     521.19
176.461     714.16     545.31     521.19
176.687     714.16     545.31     521.19
176.914     714.16     545.31     521.19
177.140     714.16     545.31     521.19
177.366     714.16     545.31     521.19
177.592     714.16     545.31     521.19
177.819     714.16     545.31     521.19
178.045     714.16     545.31     521.19
178.269     714.16     545.31     521.19
178.494     714.16     545.31     521.19
178.720     714.16     545.31     521.19
178.946     714.16     545.31     521.19
179.173     714.16     545.31     521.19
179.398     714.16     545.31     521.19
179.622     714.16     545.31     521.19
179.849     714.16     545.31     521.19
180.075     714.16     545.31     521.19
180.301     714.16     545.31     521.19
180.527     714.16     545.31     521.19
180.754     714.16     545.31     521.82
180.980     714.16     545.31     521.82
181.206     714.16     545.31     521.82
181.431     714.16     545.31     521.82
181.655     714.16     545.31     521.82
181.881     714.16     545.31     521.82
182.108     714.16     545.31     521.82
182.334     714.16     545.31     521.82
182.559     714.16     545.31     521.82
182.784     714.16     545.31     521.82
183.011     714.16     545.31     521.82
183.237     714.16     545.31     521.82
183.461     714.16     545.31     521.82
183.685     714.16     545.31     521.82
183.911     714.16     545.31     521.82
184.138     714.16     545.31     521.82
184.364     714.16     545.31     521.82
184.589     714.16     545.31     521.82
184.814     714.16     545.31     521.82
185.040     714.16     545.31     521.82
185.266     714.16     545.31     521.82
185.493     714.16     545.31     521.82
185.719     714.16     545.31     521.82
185.945     714.16     545.31     521.82
186.171     714.16     545.31     521.82
186.397     714.16     545.31     521.82
186.622     714.16     545.31     521.82
186.846     714.16     545.31     521.82
187.072     714.16     545.31     521.82
187.298     714.16     545.31     521.82
187.525     714.16     545.31     521.82
187.750     714.16     545.31     521.82
187.975     714.16     545.31     521.82
188.201     714.16     545.31     521.82
188.427     714.16     545.31     521.82
188.654     714.16     545.31     521.82
188.880     714.16     545.31     521.82
189.106     714.16     545.31     521.82
189.333     714.16     545.31     521.82
189.559     714.16     545.31     521.82
189.783     714.16     545.31     521.82
190.007     714.16     545.31     521.82
190.234     714.16     545.31     521.82
190.460     714.16     545.31     521.82
190.686     714.16     545.31     521.82
190.912     714.16     545.31     521.82
191.137     714.16     545.31     521.82
191.363     714.16     545.31     521.82
191.589     714.16     545.31     521.82
191.816     714.16     545.31     521.82
192.042     714.16     545.31     521.82
192.268     714.16     545.31     521.82
192.495     714.16     545.31     521.82
192.721     714.16     545.31     521.82
192.945     714.16     545.31     521.82
193.170     714.16     545.31     521.82
193.396     714.16     545.31     521.82
193.622     714.16     545.31     521.82
193.849     714.16     545.31     521.82
194.074     714.16     545.31     521.82
194.299     714.16     545.31     521.82
194.525     714.16     545.31     521.82
194.752     714.16     545.31     521.82
194.976     714.16     545.31     521.82
195.200     714.16     545.31     521.82
195.426     714.16     545.31     521.82
195.653     714.16     545.31     521.82
195.879     714.16     545.31     521.82
196.104     714.16     545.31     521.82
196.329     714.16     545.31     521.82
196.555     714.16     545.31     521.82
196.781     714.16     545.31     521.82
197.008     714.16     545.31     521.82
197.234     714.16     545.31     521.82
197.460     714.16     545.31     521.82
197.687     714.16     545.31     521.82
197.913     714.16     545.31     521.82
198.139     714.16     545.31     521.82
198.366     714.16     545.31     521.82
198.592     714.16     545.31     521.82
198.818     714.16     545.31     521.82
199.045     714.16     545.31     521.82
199.271     714.16     545.31     521.82
199.497     714.16     545.31     521.82
199.723     714.16     545.31     521.82
199.950     714.16     545.31     521.82
200.176     714.16     545.31     521.82
200.403     714.16     545.31     521.82
200.629     714.16     545.31     521.82
200.855     714.16     545.31     521.82
201.081     714.16     545.31     521.82
201.308     714.16     545.31     521.82
201.534     714.16     545.31     521.82
201.760     714.16     545.31     521.82
201.987     714.16     545.31     521.82
202.213     714.16     545.31     521.82
202.439     714.16     545.31     521.82
202.666     714.16     545.31     521.82
202.892     714.16     545.31     521.82
203.118     714.16     545.31     521.82
203.345     714.16     545.31     521.82
203.571     714.16     545.31     521.82
203.797     714.16     545.31     521.82
204.024     714.16     545.31     521.82
204.250     714.16     545.31     521.82
204.476     714.16     545.31     521.82
204.703     714.16     545.31     521.82
204.929     714.16     545.31     521.82
205.155     714.16     545.31     521.82
205.382     714.16     545.31     521.82
205.608     714.16     545.31     521.82
205.834     714.16     545.31     521.82
206.060     714.16     545.31     521.82
206.287     714.16     545.31     521.82
206.513     714.16     545.31     521.82
206.739     714.16     545.31     521.82
206.965     714.16     545.31     521.82
207.192     714.16     545.31     521.82
207.418     714.16     545.31     521.82
207.644     714.16     545.31     521.82
207.871     714.16     545.31     521.82
208.097     714.16     545.31     521.82
208.323     714.16     545.31     521.82
208.550     714.16     545.31     521.82
208.776     714.16     545.31     521.82
209.002     714.16     545.31     521.82
209.229     714.16     545.31     521.82
209.455     714.16     545.31     521.82
209.681     714.16     545.31     521.82
209.908     714.16     545.31     521.82
210.134     714.16     545.31     521.82
210.361     714.16     545.31     521.82
210.587     714.16     545.31     521.82
210.814     714.16     545.31     521.82
211.040     714.16     545.31     521.82
211.266     714.16     545.31     521.82
211.493     714.16     545.31     521.82
211.719     714.16     545.31     521.82
211.945     714.16     545.31     521.82
212.171     714.16     545.31     521.82
212.398     714.16     545.31     521.82
212.624     714.16     545.31     521.82
212.850     714.16     545.31     521.82
213.076     714.16     545.31     521.82
213.303     714.16     545.31     521.82
213.528     714.16     545.31     521.82
213.753     714.16     545.31     521.82
213.979     714.16     545.31     521.82
214.206     714.16     545.31     521.82
214.432     714.16     545.31     521.82
214.657     714.16     545.31     521.82
214.881     714.16     545.31     521.82
215.108     714.16     545.31     521.82
215.334     714.16     545.31     521.82
215.560     714.16     545.31     521.82
215.786     714.16     545.31     521.82
216.013     714.16     545.31     521.82
216.239     714.16     545.31     521.82
216.464     714.16     581.31     525.65
216.688     714.16     581.31     525.65
216.908     714.16     581.31     525.65
217.131     714.16     581.31     525.65
217.356     714.16     581.31     525.65
217.578     714.16     581.31     525.65
217.799     714.16     581.31     525.65
218.018     714.16     581.31     525.65
218.237     714.16     581.31     525.65
218.455     714.16     581.31     525.65
218.673     714.16     581.31     525.65
218.891     714.16     581.31     525.65
219.109     714.16     581.31     525.65
219.328     714.16     581.31     525.65
219.546     714.16     581.31     525.65
219.764     714.16     581.31     525.65
219.981     714.16     581.31     525.65
220.199     714.16     581.31     525.65
220.416     714.16     581.31     525.65
220.634     714.16     581.31     525.65
220.852     714.16     581.31     525.65
221.069     714.16     581.31     525.65
221.287     714.16     581.31     525.65
221.504     714.16     581.31     525.65
221.721     714.16     581.31     525.65
221.938     714.16     581.31     525.65
222.156     714.16     581.31     525.65
222.374     714.16     581.31     525.65
222.591     714.16     581.31     525.65
222.808     714.16     581.31     525.65
223.025     714.16     581.31     525.65
223.243     714.16     581.31     525.65
223.460     714.16     581.31     525.65
223.678     714.16     581.31     525.65
223.895     714.16     581.31     525.65
224.112     714.16     581.31     525.65
224.330     714.16     581.31     525.65
224.547     714.16     581.31     525.65
224.764     714.16     581.31     525.65
224.982     714.16     581.31     525.65
225.199     714.16     581.31     525.65
225.416     714.16     581.31     525.65
225.634     714.16     581.31     525.65
225.851     714.16     581.31     525.65
226.069     714.16     581.31     525.65
226.286     714.16     581.31     525.65
226.510     714.16     692.46     637.52
226.727       6.28       3.64       5.19
ERROR: can't open /proc/2377046/smaps: No such file or directory at /scratchNVME/pg-tpch/wss.pl line 226.
