Watching PID 2738069 page references grow, output every 0.2 seconds...
Est(s)     RSS(MB)    PSS(MB)    Ref(MB)
0.213       547.78     545.38     331.59
0.433       713.95     709.01     500.89
0.656       713.95     708.79     500.89
0.878       713.95     708.57     500.89
1.099       713.95     708.35     500.89
1.320       713.95     708.16     500.89
1.540       713.95     707.94     500.89
1.761       713.95     707.51     500.89
1.980       713.95     707.29     500.89
2.200       713.95     707.07     500.89
2.420       713.95     706.88     500.89
2.639       713.95     706.66     500.89
2.857       713.95     706.44     500.89
3.075       713.95     706.23     500.89
3.300       713.95     706.01     501.69
3.529       713.95     705.79     501.69
3.754       713.95     705.60     501.69
3.979       713.95     705.16     501.69
4.203       713.95     704.94     501.69
4.428       713.95     704.73     501.69
4.654       713.95     704.54     501.69
4.878       713.95     704.32     501.69
5.104       713.95     699.07     501.70
5.330       713.95     670.75     501.70
5.553       713.95     669.34     501.70
5.773       713.95     668.54     501.70
5.993       713.95     666.94     501.70
6.213       713.95     666.27     501.70
6.433       713.95     665.64     501.70
6.654       713.95     664.95     501.70
6.874       713.95     663.47     501.70
7.094       713.95     662.87     501.70
7.314       713.95     662.21     501.70
7.534       713.95     660.61     501.70
7.754       713.95     659.98     501.70
7.974       713.95     659.38     501.70
8.197       713.95     657.65     501.70
8.423       713.95     656.89     501.70
8.648       713.95     656.25     501.70
8.870       713.95     654.90     501.70
9.090       713.95     654.01     501.70
9.311       713.95     653.41     501.70
9.535       713.95     652.40     501.70
9.758       713.95     651.15     501.70
9.980       713.95     650.49     501.70
10.201      713.95     649.35     501.70
10.422      713.95     647.49     501.70
10.642      713.95     646.60     501.70
10.863      713.95     645.79     501.70
11.085      713.95     644.86     501.70
11.307      713.95     644.58     501.70
11.529      713.95     644.36     501.70
11.751      713.95     644.07     501.70
11.971      713.95     643.74     501.70
12.190      713.95     643.56     501.70
12.411      713.95     643.08     501.70
12.633      713.95     642.83     501.70
12.852      713.95     642.53     501.70
13.072      713.95     642.19     501.70
13.294      713.95     641.96     501.70
13.515      713.95     641.71     501.70
13.737      713.95     641.49     501.70
13.957      713.95     641.20     501.70
14.176      713.95     640.91     501.70
14.396      713.95     640.69     501.70
14.616      713.95     640.27     501.70
14.837      713.95     640.02     501.70
15.057      713.95     639.77     501.70
15.278      713.95     639.54     501.70
15.498      713.95     639.29     501.70
15.719      713.95     639.00     501.70
15.939      713.95     638.78     501.70
16.159      713.95     638.56     501.70
16.381      713.95     638.34     501.70
16.603      713.95     638.08     501.70
16.826      713.95     637.66     501.70
17.047      713.95     637.44     501.70
17.266      713.95     637.22     501.70
17.485      713.95     636.96     501.70
17.705      713.95     636.74     501.70
17.925      713.95     636.54     501.70
18.145      713.95     636.33     501.70
18.364      713.95     636.10     501.70
18.584      713.95     635.85     501.70
18.806      713.95     635.63     501.70
19.028      713.95     635.40     501.70
19.250      713.95     634.98     501.70
19.473      713.95     634.73     501.70
19.696      713.95     634.50     501.70
19.918      713.95     634.28     501.70
20.139      713.95     634.09     501.70
20.359      713.95     633.84     501.70
20.580      713.95     633.62     501.70
20.801      713.95     633.39     501.70
21.021      713.95     633.16     501.70
21.242      713.95     632.72     501.70
21.469      713.95     632.49     501.70
21.704      713.95     632.27     501.70
21.937      713.95     632.04     501.70
22.165      713.95     631.79     501.70
22.390      713.95     631.57     501.70
22.613      713.95     631.38     501.70
22.835      713.95     631.16     501.70
23.057      713.95     630.68     501.70
23.280      713.95     630.46     501.70
23.503      713.95     630.23     501.70
23.726      713.95     630.04     501.70
23.949      713.95     629.78     501.70
24.172      713.95     629.57     501.70
24.395      713.95     629.34     501.70
24.619      713.95     629.12     501.70
24.843      713.95     628.89     501.70
25.065      713.95     628.45     501.70
25.287      713.95     628.22     501.70
25.508      713.95     628.00     501.70
25.730      713.95     627.74     501.70
25.952      713.95     627.54     501.70
26.172      713.95     627.33     501.70
26.393      713.95     627.10     501.70
26.614      713.95     626.85     501.70
26.834      713.95     626.62     501.70
27.055      713.95     626.40     501.70
27.276      713.95     625.95     501.70
27.497      713.95     625.73     501.70
27.718      713.95     625.50     501.70
27.938      713.95     625.28     501.70
28.157      713.95     625.02     501.70
28.378      713.95     624.84     501.70
28.601      713.95     624.61     501.70
28.824      713.95     624.39     501.70
29.045      713.95     624.13     501.70
29.266      713.95     623.90     501.70
29.489      713.95     623.49     501.70
29.710      713.95     623.26     501.70
29.930      713.95     623.01     501.70
30.150      713.95     622.78     501.70
30.371      713.95     622.57     501.70
30.593      713.95     622.38     501.70
30.816      713.95     622.12     501.70
31.037      713.95     621.90     501.70
31.260      713.95     621.67     501.70
31.486      713.95     621.23     501.70
31.711      713.95     621.04     501.70
31.937      713.95     620.79     501.70
32.160      713.95     620.57     501.70
32.383      713.95     620.34     501.70
32.606      713.95     620.04     501.70
32.829      713.95     619.83     501.70
33.051      713.95     619.57     501.70
33.273      713.95     619.35     501.70
33.496      713.95     618.74     501.70
33.717      713.95     618.46     501.70
33.938      713.95     618.23     501.70
34.160      713.95     617.95     501.70
34.382      713.95     617.66     501.70
34.605      713.95     617.37     501.70
34.827      713.95     617.12     501.70
35.050      713.95     616.86     501.70
35.272      713.95     616.58     501.70
35.495      713.95     616.36     501.70
35.718      713.95     615.88     501.70
35.940      713.95     615.52     501.70
36.160      713.95     615.21     501.70
36.381      713.95     614.98     501.70
36.602      713.95     614.69     501.70
36.823      713.95     614.47     501.70
37.043      713.95     614.24     501.70
37.264      713.95     614.02     501.70
37.487      713.95     613.73     501.70
37.708      713.95     613.26     501.70
37.927      713.95     613.03     501.70
38.147      713.95     612.82     501.70
38.368      713.95     612.59     501.70
38.590      713.95     612.34     501.70
38.811      713.95     612.11     501.70
39.032      713.95     611.89     501.70
39.253      713.95     611.67     501.70
39.474      713.95     611.41     501.70
39.694      713.95     611.19     501.70
39.915      713.95     610.77     501.70
40.136      713.95     610.56     501.70
40.355      713.95     610.29     501.70
40.575      713.95     610.07     501.70
40.796      713.95     609.85     501.70
41.016      713.95     609.66     501.70
41.236      713.95     609.40     501.70
41.457      713.95     609.18     501.70
41.680      713.95     608.96     501.70
41.903      713.95     608.73     501.70
42.125      713.95     608.33     501.70
42.353      713.95     608.10     501.70
42.586      713.95     607.85     501.70
42.815      713.95     607.62     501.70
43.040      713.95     607.40     501.70
43.263      713.95     607.14     501.70
43.487      713.95     606.95     501.70
43.711      713.95     606.72     501.70
43.934      713.95     606.28     501.70
44.157      713.95     606.02     501.70
44.380      713.95     605.84     501.70
44.604      713.95     605.62     501.70
44.828      713.95     605.39     501.70
45.050      713.95     605.17     501.70
45.271      713.95     604.95     501.70
45.491      713.95     604.69     501.70
45.712      713.95     604.50     501.70
45.932      713.95     604.27     501.70
46.151      713.95     603.84     501.70
46.372      713.95     603.58     501.70
46.593      713.95     603.36     501.70
46.814      713.95     603.16     501.70
47.034      713.95     602.94     501.70
47.255      713.95     602.71     501.70
47.476      713.95     602.46     501.70
47.697      713.95     602.23     501.70
47.917      713.95     602.01     501.70
48.138      713.95     601.78     501.70
48.358      713.95     601.35     501.70
48.578      713.95     601.12     501.70
48.800      713.95     600.90     501.70
49.021      713.95     600.67     501.70
49.242      713.95     600.45     501.70
49.464      713.95     600.23     501.70
49.685      713.95     600.00     501.70
49.905      713.95     599.74     501.70
50.126      713.95     599.52     501.70
50.347      713.95     599.33     501.70
50.567      713.95     598.89     501.70
50.787      713.95     598.67     501.70
51.006      713.95     598.41     501.70
51.225      713.95     598.18     501.70
51.446      713.95     597.99     501.70
51.670      713.95     597.77     501.70
51.897      713.95     597.51     501.70
52.128      713.95     597.29     501.76
52.358      713.95     597.07     501.76
52.586      713.95     596.66     501.76
52.813      713.95     596.40     501.76
53.039      713.95     596.18     501.76
53.264      713.95     595.95     501.76
53.487      713.95     595.73     501.76
53.708      713.95     595.50     501.76
53.930      713.95     595.28     501.76
54.152      713.95     595.06     501.76
54.375      713.95     594.84     501.76
54.597      713.95     594.39     501.76
54.820      713.95     594.17     501.76
55.043      713.95     593.95     501.76
55.265      713.95     593.72     501.76
55.488      713.95     593.49     501.76
55.711      713.95     593.24     501.76
55.932      713.95     592.98     501.76
56.152      713.95     592.73     501.76
56.372      713.95     592.51     501.76
56.593      713.95     592.03     501.76
56.815      713.95     591.66     501.76
57.036      713.95     591.43     501.76
57.258      713.95     591.24     501.76
57.482      713.95     590.95     501.76
57.706      713.95     590.69     501.76
57.927      713.95     590.44     501.76
58.148      713.95     590.22     501.76
58.368      713.95     589.84     501.76
58.589      713.95     589.58     501.76
58.810      713.95     589.11     501.76
59.031      713.95     588.83     501.76
59.251      713.95     588.60     501.76
59.471      713.95     588.28     501.76
59.693      713.95     587.99     501.76
59.917      713.95     587.77     501.76
60.144      713.95     587.54     501.76
60.373      713.95     587.29     501.76
60.602      713.95     587.04     501.34
60.828      713.95     586.60     501.34
61.051      713.95     586.37     501.34
61.273      713.95     586.09     501.34
61.495      713.95     585.83     501.34
61.717      713.95     585.58     501.34
61.939      713.95     585.39     501.34
62.162      713.95     585.10     501.34
62.385      713.95     584.88     501.34
62.608      713.95     584.65     501.34
62.830      713.95     584.25     501.34
63.053      713.95     583.99     501.34
63.276      713.95     583.77     501.34
63.501      713.95     583.55     501.34
63.725      713.95     583.29     501.34
63.948      713.95     583.07     501.34
64.169      713.95     582.88     501.34
64.391      713.95     582.62     501.34
64.620      713.95     582.40     501.34
64.856      713.95     581.96     501.34
65.090      713.95     581.74     501.34
65.321      713.95     581.55     501.34
65.550      713.95     581.29     501.34
65.777      713.95     581.07     501.34
66.001      713.95     580.84     501.34
66.223      713.95     580.62     501.34
66.445      713.95     580.17     501.34
66.668      713.95     579.95     501.34
66.891      713.95     579.72     501.34
67.113      713.95     579.50     501.34
67.336      713.95     579.25     501.34
67.558      713.95     579.06     501.34
67.779      713.95     578.84     501.34
67.999      713.95     578.61     501.34
68.218      713.95     578.39     501.34
68.438      713.95     577.91     501.34
68.659      713.95     577.72     501.34
68.882      713.95     577.50     501.34
69.106      713.95     577.28     501.34
69.330      713.95     577.06     501.34
69.554      713.95     576.80     501.34
69.777      713.95     576.57     501.34
69.999      713.95     576.38     501.34
70.221      713.95     576.16     501.34
70.443      713.95     575.68     501.34
70.665      713.95     575.46     501.34
70.887      713.95     575.24     501.34
71.108      713.95     575.05     501.34
71.330      713.95     574.82     501.34
71.551      713.95     574.57     501.34
71.771      713.95     574.35     501.34
71.991      713.95     574.12     501.34
72.212      713.95     573.93     501.34
72.434      713.95     573.67     501.34
72.655      713.95     573.24     501.34
72.876      713.95     573.01     501.34
73.098      713.95     572.79     501.34
73.319      713.95     572.60     501.34
73.539      713.95     572.37     501.34
73.760      713.95     572.12     501.34
73.979      713.95     571.89     501.34
74.199      713.95     571.67     501.34
74.420      713.95     571.46     501.34
74.643      713.95     571.22     501.34
74.866      713.95     570.79     501.34
75.087      713.95     570.56     501.34
75.309      713.95     570.34     501.34
75.533      713.95     570.12     501.34
75.756      713.95     569.89     501.34
75.979      713.95     569.67     501.34
76.201      713.95     569.44     501.34
76.422      713.95     569.22     501.34
76.644      713.95     569.00     501.34
76.867      713.95     568.78     501.34
77.090      713.95     568.34     501.34
77.313      713.95     568.11     501.34
77.537      713.95     567.89     501.34
77.760      713.95     567.63     501.34
77.981      713.95     567.44     501.34
78.202      713.95     567.22     501.34
78.422      713.95     567.00     501.34
78.643      713.95     566.78     501.34
78.863      713.95     566.52     501.34
79.083      713.95     566.11     501.34
79.306      713.95     565.88     501.34
79.529      713.95     565.66     501.34
79.751      713.95     565.43     501.34
79.974      713.95     565.18     501.34
80.197      713.95     564.96     501.34
80.419      713.95     564.77     501.34
80.643      713.95     564.55     501.34
80.866      713.95     564.33     501.34
81.087      713.95     563.85     501.34
81.308      713.95     563.66     501.34
81.531      713.95     563.40     501.34
81.754      713.95     563.18     501.34
81.978      713.95     562.95     501.34
82.199      713.95     562.70     501.34
82.420      713.95     562.49     501.34
82.643      713.95     562.26     501.34
82.865      713.95     561.97     501.34
83.085      713.95     561.68     501.34
83.305      713.95     561.21     501.34
83.526      713.95     560.92     501.34
83.749      713.95     560.70     501.34
83.970      713.95     560.47     501.34
84.190      713.95     560.16     501.34
84.410      713.95     559.84     501.34
84.630      713.95     559.62     501.34
84.851      713.95     559.31     501.34
85.071      713.95     559.05     501.34
85.291      713.95     558.80     501.34
85.512      713.95     558.35     501.34
85.733      713.95     558.13     501.34
85.953      713.95     557.91     501.34
86.172      713.95     557.65     501.34
86.392      713.95     557.34     501.34
86.612      713.95     557.06     501.34
86.832      713.95     556.83     501.34
87.056      713.95     556.61     501.34
87.282      713.95     556.36     501.34
87.505      713.95     556.07     501.34
87.728      713.95     555.62     501.34
87.950      713.95     555.34     501.34
88.172      713.95     555.12     501.34
88.393      713.95     554.89     501.34
88.613      713.95     554.67     501.34
88.833      713.95     554.44     501.34
89.052      713.95     554.19     501.34
89.274      713.95     553.93     501.34
89.498      713.95     553.71     501.34
89.722      713.95     553.52     501.34
89.948      713.95     553.08     501.34
90.174      713.95     552.86     501.34
90.398      713.95     552.57     501.34
90.621      713.95     552.38     501.34
90.843      713.95     552.15     501.34
91.065      713.95     551.93     501.34
91.287      713.95     551.71     501.34
91.508      713.95     551.45     501.34
91.730      713.95     551.24     501.34
91.952      713.95     550.82     501.34
92.174      713.95     550.60     501.34
92.395      713.95     550.34     501.34
92.616      713.95     550.12     501.34
92.836      713.95     549.89     501.34
93.058      713.95     549.70     501.34
93.280      713.95     549.47     501.34
93.501      713.95     549.22     501.34
93.721      713.95     549.00     501.34
93.940      713.95     548.78     501.34
94.160      713.95     548.37     501.34
94.383      713.95     548.14     501.34
94.606      713.95     547.89     501.34
94.829      713.95     547.67     501.34
95.050      713.95     547.44     501.34
95.271      713.95     547.26     501.34
95.493      713.95     547.03     501.34
95.714      713.95     546.78     501.34
95.934      713.95     546.55     501.34
96.154      713.95     546.11     501.34
96.374      713.95     545.91     501.34
96.594      713.95     545.66     501.34
96.814      713.95     545.44     501.34
97.034      713.95     545.21     501.34
97.254      713.95     544.99     501.34
97.475      713.95     544.74     501.34
97.695      713.95     544.55     501.34
97.916      713.95     544.33     501.34
98.138      713.95     544.10     501.34
98.360      713.95     543.88     501.34
98.582      713.95     543.44     501.34
98.802      713.95     543.21     501.34
99.022      713.95     542.99     501.34
99.241      713.95     542.77     501.34
99.462      713.95     542.54     501.34
99.684      713.95     542.29     501.34
99.906      713.95     542.10     501.34
100.128     713.95     541.87     501.34
100.350     713.95     541.65     501.34
100.571     713.95     541.21     501.34
100.792     713.95     540.95     501.34
101.013     713.95     540.77     501.34
101.233     713.95     540.54     501.34
101.455     713.95     540.32     501.34
101.679     713.95     540.10     501.34
101.901     713.95     539.84     501.34
102.121     713.95     539.62     501.34
102.348     713.95     539.42     501.34
102.581     713.95     538.99     501.34
102.810     713.95     538.77     501.34
103.034     713.95     538.54     501.34
103.257     713.95     538.29     501.34
103.479     713.95     538.09     501.34
103.701     713.95     537.87     501.34
103.922     713.95     537.64     501.34
104.143     713.95     537.39     501.34
104.364     713.95     537.16     501.34
104.587     713.95     536.76     501.34
104.809     713.95     536.54     501.34
105.031     713.95     536.28     501.34
105.252     713.95     536.06     501.34
105.473     713.95     535.83     501.34
105.695     713.95     535.64     501.34
105.916     713.95     535.42     501.34
106.138     713.95     535.16     501.34
106.359     713.95     534.94     501.34
106.580     713.95     534.71     501.34
106.802     713.95     534.31     501.34
107.022     713.95     534.05     501.34
107.241     713.95     533.83     501.34
107.460     713.95     533.60     501.34
107.681     713.95     533.37     501.34
107.901     713.95     533.09     501.34
108.120     713.95     532.87     501.34
108.339     713.95     532.64     501.34
108.559     713.95     532.42     501.34
108.781     713.95     532.19     501.34
109.002     713.95     531.91     501.34
109.222     713.95     531.44     501.34
109.442     713.95     531.18     501.34
109.663     713.95     530.93     501.34
109.884     713.95     530.67     501.34
110.106     713.95     530.42     501.34
110.329     713.95     530.20     501.34
110.551     713.95     529.94     501.34
110.773     713.95     529.66     501.34
110.995     713.95     529.34     501.34
111.217     713.95     528.87     501.34
111.437     713.95     528.61     501.34
111.658     713.95     528.39     501.34
111.878     713.95     528.10     501.34
112.099     713.95     527.82     501.34
112.321     713.95     527.53     501.34
112.542     713.95     527.31     501.34
112.764     713.95     527.12     501.34
112.984     713.95     526.80     501.34
113.205     713.95     526.58     501.34
113.425     713.95     526.08     501.34
113.644     713.95     525.88     501.34
113.864     713.95     525.63     501.34
114.084     713.95     525.40     501.34
114.305     713.95     525.15     501.34
114.527     713.95     524.90     501.34
114.749     713.95     524.67     501.34
114.971     713.95     524.42     501.34
115.199     713.95     524.20     501.34
115.432     713.95     523.69     501.34
115.664     713.95     523.47     501.34
115.894     713.95     523.26     501.34
116.122     713.95     523.06     501.34
116.347     713.95     522.84     501.34
116.570     713.95     522.62     501.34
116.794     713.95     522.36     501.34
117.018     713.95     522.14     501.34
117.239     713.95     521.88     501.34
117.461     713.95     521.51     501.34
117.684     713.95     521.29     501.34
117.907     713.95     521.00     501.34
118.128     713.95     520.78     501.34
118.349     713.95     520.59     501.34
118.571     713.95     520.36     501.34
118.793     713.95     520.14     501.34
119.015     713.95     519.92     501.34
119.237     713.95     519.66     501.34
119.459     713.95     519.26     501.34
119.681     713.95     519.19     501.34
119.904     713.95     519.17     501.34
120.126     713.95     519.17     501.34
120.348     713.95     519.17     501.34
120.569     713.95     519.13     501.83
120.791     713.95     519.13     501.83
121.012     713.95     519.12     501.83
121.236     713.95     519.12     501.83
121.461     713.95     519.08     501.83
121.687     713.95     519.08     501.83
121.912     713.95     519.07     501.83
122.136     713.95     519.07     501.83
122.360     713.95     519.07     501.83
122.583     713.95     519.03     501.83
122.806     713.95     519.03     501.83
123.028     713.95     519.02     501.83
123.249     713.95     519.02     501.83
123.470     713.95     519.01     501.83
123.692     713.95     518.98     501.83
123.915     713.95     518.97     501.83
124.138     713.95     518.97     501.83
124.361     713.95     518.97     501.83
124.584     713.95     518.92     501.83
124.807     713.95     518.92     501.83
125.030     713.95     518.92     501.83
125.253     713.95     518.92     501.83
125.476     713.95     518.92     501.83
125.700     713.95     518.87     501.83
125.923     713.95     518.87     501.83
126.145     713.95     518.87     501.83
126.367     713.95     518.86     501.83
126.589     713.95     518.86     501.83
126.813     713.95     518.86     501.83
127.035     713.95     518.82     501.83
127.256     713.95     518.82     501.83
127.478     713.95     518.81     501.83
127.701     713.95     518.81     501.83
127.923     713.95     518.81     501.83
128.146     713.95     518.77     501.83
128.370     713.95     518.77     501.83
128.596     713.95     518.76     501.83
128.821     713.95     518.76     501.83
129.046     713.95     518.75     501.83
129.269     713.95     518.72     501.83
129.492     713.95     518.72     501.83
129.716     713.95     518.71     501.83
129.941     713.95     518.71     501.83
130.164     713.95     518.71     501.83
130.385     713.95     518.67     501.83
130.607     713.95     518.67     501.83
130.830     713.95     518.65     501.83
131.052     713.95     518.65     501.83
131.273     713.95     518.64     501.83
131.495     713.95     518.61     501.83
131.718     713.95     518.61     501.83
131.941     713.95     518.60     501.83
132.163     713.95     518.60     501.83
132.386     713.95     518.59     501.83
132.609     713.95     518.56     501.83
132.832     713.95     518.56     501.83
133.054     713.95     518.55     501.83
133.274     713.95     518.55     501.83
133.495     713.95     518.55     501.83
133.715     713.95     518.54     501.83
133.936     713.95     518.51     501.83
134.156     713.95     518.51     501.83
134.377     713.95     518.51     501.83
134.600     713.95     518.50     501.83
134.824     713.95     518.50     501.83
135.047     713.95     518.50     501.83
135.268     713.95     518.49     501.83
135.489     713.95     518.46     501.83
135.712     713.95     518.46     501.83
135.935     713.95     518.45     501.83
136.157     713.95     518.45     501.83
136.378     713.95     518.45     501.83
136.598     713.95     518.45     501.83
136.820     713.95     518.40     501.83
137.043     713.95     518.40     501.83
137.264     713.95     518.36     501.83
137.485     713.95     518.36     501.83
137.706     713.95     518.33     501.83
137.928     713.95     518.29     501.83
138.149     713.95     518.29     501.83
138.369     713.95     518.29     501.83
138.590     713.95     518.28     501.83
138.811     713.95     518.25     501.83
139.032     713.95     518.24     501.83
139.253     713.95     518.14     501.83
139.474     713.95     518.11     501.83
139.696     713.95     518.04     501.83
139.919     713.95     518.01     501.83
140.140     713.95     517.94     501.83
140.360     713.95     517.84     501.83
140.580     713.95     517.83     501.83
140.801     713.95     517.83     501.83
141.021     713.95     517.80     501.83
141.241     713.95     517.76     501.83
141.461     713.95     517.67     501.83
141.681     713.95     517.56     501.83
141.902     713.95     517.53     501.83
142.123     713.95     517.53     501.83
142.347     713.95     517.42     501.83
142.575     713.95     517.39     501.83
142.800     713.95     517.38     501.83
143.023     713.95     517.38     501.83
143.245     713.95     517.35     501.83
143.467     713.95     517.31     501.83
143.690     713.95     517.28     501.83
143.912     713.95     517.28     501.83
144.136     713.95     517.27     501.83
144.362     713.95     517.27     501.83
144.587     713.95     517.20     501.83
144.812     713.95     517.17     501.83
145.035     713.95     517.10     501.83
145.256     713.95     517.09     501.83
145.478     713.95     517.09     501.83
145.701     713.95     517.09     501.83
145.925     713.95     517.05     501.83
146.148     713.95     517.05     501.83
146.368     713.95     516.99     501.83
146.590     713.95     516.98     501.83
146.812     713.95     516.98     501.83
147.033     713.95     516.97     501.83
147.255     713.95     516.94     501.83
147.478     713.95     516.94     501.83
147.700     713.95     516.94     501.83
147.921     713.95     516.92     501.83
148.144     713.95     516.92     501.83
148.366     713.95     516.92     501.83
148.588     713.95     516.88     501.83
148.811     713.95     516.88     501.83
149.032     713.95     516.87     501.83
149.253     713.95     516.87     501.83
149.477     713.95     516.87     501.83
149.701     713.95     516.87     501.83
149.924     713.95     516.86     501.83
150.148     713.95     516.83     501.83
150.372     713.95     516.83     501.83
150.595     713.95     516.82     501.83
150.817     713.95     516.82     501.83
151.039     713.95     516.81     501.83
151.260     713.95     516.78     501.83
151.481     713.95     516.78     501.83
151.704     713.95     516.77     501.83
151.927     713.95     516.77     501.83
152.150     713.95     516.77     501.83
152.372     713.95     516.73     501.83
152.595     713.95     516.73     501.83
152.817     713.95     516.73     501.83
153.039     713.95     516.72     501.83
153.262     713.95     516.72     501.83
153.483     713.95     516.72     501.83
153.705     713.95     516.71     501.83
153.927     713.95     516.67     501.83
154.150     713.95     516.67     501.83
154.371     713.95     516.67     501.83
154.595     713.95     516.67     501.83
154.819     713.95     516.62     501.83
155.043     713.95     516.62     501.83
155.265     713.95     516.62     501.83
155.485     713.95     516.61     501.83
155.707     713.95     516.61     501.83
155.933     713.95     516.60     501.83
156.161     713.95     516.57     501.83
156.389     713.95     516.56     501.83
156.615     713.95     516.56     501.83
156.838     713.95     516.56     501.83
157.062     713.95     516.52     501.83
157.287     713.95     516.52     501.83
157.511     713.95     516.51     501.83
157.733     713.95     516.51     501.83
157.956     713.95     516.51     501.83
158.179     713.95     516.47     501.83
158.402     713.95     516.47     501.83
158.626     713.95     516.46     501.83
158.849     713.95     516.46     501.83
159.073     713.95     516.46     501.83
159.298     713.95     516.46     501.83
159.522     713.95     516.42     501.83
159.747     713.95     516.42     501.83
159.971     713.95     516.40     501.83
160.194     713.95     516.40     501.83
160.417     713.95     516.40     501.83
160.640     713.95     516.36     501.83
160.863     713.95     516.36     501.83
161.085     713.95     516.36     501.83
161.306     713.95     516.35     501.83
161.527     713.95     516.35     501.83
161.749     713.95     516.35     501.83
161.972     713.95     516.31     501.83
162.195     713.95     516.31     501.83
162.421     713.95     516.30     501.83
162.650     713.95     516.30     501.83
162.879     713.95     516.30     501.83
163.106     713.95     516.29     501.83
163.329     713.95     516.26     501.83
163.551     713.95     516.26     501.83
163.773     713.95     516.26     501.83
163.997     713.95     516.25     501.83
164.222     713.95     516.25     501.83
164.445     713.95     516.24     501.83
164.667     713.95     516.21     501.83
164.889     713.95     516.21     501.83
165.110     713.95     516.20     501.83
165.331     713.95     516.20     501.83
165.552     713.95     516.20     501.83
165.775     713.95     516.19     501.83
165.998     713.95     516.15     501.83
166.220     713.95     516.15     501.83
166.441     713.95     516.14     501.83
166.663     713.95     516.14     501.83
166.885     713.95     516.14     501.83
167.107     713.95     516.10     501.83
167.329     713.95     516.10     501.83
167.552     713.95     516.10     501.83
167.773     713.95     516.09     501.83
167.996     713.95     516.09     501.83
168.218     713.95     516.09     501.83
168.439     713.95     516.05     501.83
168.660     713.95     516.05     501.83
168.881     713.95     515.98     501.83
169.104     713.95     515.95     501.83
169.327     713.95     515.95     501.83
169.549     713.95     515.90     501.83
169.770     713.95     515.91     501.83
169.991     713.95     515.86     501.83
170.214     713.95     515.86     501.83
170.436     713.95     515.80     501.83
170.658     713.95     515.76     501.83
170.881     713.95     515.67     501.83
171.103     713.95     515.67     501.83
171.324     713.95     515.65     501.83
171.546     713.95     515.59     501.83
171.769     713.95     515.59     501.83
171.991     713.95     515.49     501.83
172.213     713.95     515.49     501.83
172.436     713.95     515.49     501.83
172.658     713.95     515.42     501.83
172.881     713.95     515.35     501.83
173.102     713.95     515.32     501.83
173.324     713.95     515.28     501.83
173.544     713.95     515.25     501.83
173.765     713.95     515.21     501.83
173.986     713.95     515.17     501.83
174.207     713.95     515.14     501.83
174.430     713.95     515.04     501.83
174.655     713.95     515.01     501.83
174.878     713.95     515.00     501.83
175.100     713.95     515.00     501.83
175.321     713.95     515.00     501.83
175.543     713.95     514.96     501.83
175.765     713.95     514.93     501.83
175.987     713.95     514.82     501.83
176.210     713.95     514.82     501.83
176.433     713.95     514.82     501.83
176.656     713.95     514.81     501.83
176.879     713.95     514.78     501.83
177.102     713.95     514.78     501.83
177.328     713.95     514.71     501.83
177.560     713.95     514.71     501.83
177.789     713.95     514.71     501.83
178.015     713.95     514.63     501.83
178.241     713.95     514.63     501.83
178.469     713.95     514.62     501.83
178.703     713.95     514.62     501.83
178.932     713.95     514.61     501.83
179.154     713.95     514.58     501.83
179.377     713.95     514.58     501.83
179.601     713.95     514.57     501.83
179.825     713.95     514.57     501.83
180.050     713.95     514.57     501.83
180.275     713.95     514.56     501.83
180.498     713.95     514.53     501.83
180.721     713.95     514.53     502.54
180.945     713.95     514.52     502.54
181.168     713.95     514.52     502.54
181.390     713.95     514.52     502.54
181.614     713.95     514.51     502.54
181.838     713.95     514.48     502.54
182.061     713.95     514.48     502.54
182.282     713.95     514.47     502.54
182.503     713.95     514.47     502.54
182.723     713.95     514.47     502.54
182.944     713.95     514.42     502.54
183.166     713.95     514.42     502.54
183.389     713.95     514.42     502.54
183.612     713.95     514.42     502.54
183.837     713.95     514.42     502.54
184.060     713.95     514.41     502.54
184.282     713.95     514.37     502.54
184.506     713.95     514.37     502.54
184.730     713.95     514.37     502.54
184.953     713.95     514.36     502.54
185.175     713.95     514.36     502.54
185.397     713.95     514.35     502.54
185.618     713.95     514.32     502.54
185.840     713.95     514.32     502.54
186.061     713.95     514.32     502.54
186.281     713.95     514.31     502.54
186.502     713.95     514.31     502.54
186.724     713.95     514.30     502.54
186.945     713.95     514.27     502.54
187.166     713.95     514.27     502.54
187.389     713.95     514.26     502.54
187.611     713.95     514.26     502.54
187.835     713.95     514.26     502.54
188.057     713.95     514.25     502.54
188.277     713.95     514.22     502.54
188.498     713.95     514.22     502.54
188.720     713.95     514.21     502.54
188.942     713.95     514.21     502.54
189.164     713.95     514.21     502.54
189.386     713.95     514.20     502.54
189.609     713.95     514.17     502.54
189.832     713.95     514.17     502.54
190.056     713.95     514.15     502.54
190.279     713.95     514.15     502.54
190.502     713.95     514.15     502.54
190.725     713.95     514.14     502.54
190.948     713.95     514.11     502.54
191.170     713.95     514.11     502.54
191.391     713.95     514.11     502.54
191.617     713.95     514.10     502.54
191.845     713.95     514.10     502.54
192.071     713.95     514.09     502.54
192.296     713.95     514.06     502.54
192.521     713.95     514.06     502.54
192.745     713.95     514.05     502.54
192.966     713.95     514.05     502.54
193.186     713.95     514.05     502.54
193.407     713.95     514.01     502.54
193.629     713.95     514.01     502.54
193.851     713.95     514.01     502.54
194.072     713.95     514.00     502.54
194.294     713.95     514.00     502.54
194.516     713.95     514.00     502.54
194.738     713.95     513.96     502.54
194.960     713.95     513.96     502.54
195.183     713.95     513.96     502.54
195.405     713.95     513.95     502.54
195.628     713.95     513.95     502.54
195.851     713.95     513.94     502.54
196.074     713.95     513.90     502.54
196.297     713.95     513.90     502.54
196.519     713.95     513.89     502.54
196.742     713.95     513.89     502.54
196.966     713.95     513.89     502.54
197.189     713.95     513.88     502.54
197.411     713.95     513.85     502.54
197.633     713.95     513.85     502.54
197.855     713.95     513.84     502.54
198.076     713.95     513.84     502.54
198.297     713.95     513.84     502.54
198.518     713.95     513.80     502.54
198.739     713.95     513.80     502.54
198.960     713.95     513.79     502.54
199.182     713.95     513.73     502.54
199.405     713.95     513.72     502.54
199.628     713.95     513.69     502.54
199.851     713.95     513.69     502.54
200.074     713.95     513.67     502.54
200.298     713.95     513.67     502.54
200.521     713.95     513.67     502.54
200.744     713.95     513.67     502.54
200.966     713.95     513.63     502.54
201.188     713.95     513.63     502.54
201.411     713.95     513.59     502.54
201.635     713.95     513.56     502.54
201.858     713.95     513.56     502.54
202.081     713.95     513.52     502.54
202.303     713.95     513.49     502.54
202.525     713.95     513.49     502.54
202.745     713.95     513.31     502.54
202.965     713.95     513.04     502.54
203.183     713.95     512.82     502.54
203.403     713.95     512.61     502.54
203.622     713.95     512.47     502.54
203.841     713.95     512.38     502.54
204.060     713.95     512.26     502.54
204.279     713.95     512.17     502.54
204.498     713.95     512.12     502.54
204.717     713.95     512.07     502.54
204.937     713.95     512.02     502.54
205.158     713.95     511.97     502.54
205.378     713.95     511.90     502.54
205.597     713.70     511.60     502.54
205.817     713.70     511.55     502.54
206.038     713.70     511.50     502.54
206.258     713.70     511.45     502.54
206.478     713.70     511.39     502.54
206.699     713.70     511.34     502.54
206.919     713.70     511.29     502.54
207.138     713.70     511.24     502.54
207.357     713.70     511.12     502.54
207.577     713.70     511.01     502.54
207.797     713.70     510.93     502.54
208.016     713.70     510.72     502.54
208.236     713.70     510.51     502.54
208.456     713.70     510.36     502.54
208.676     713.70     510.09     502.54
208.895     713.70     509.92     502.54
209.115     713.70     509.86     502.54
209.335     713.70     509.72     502.54
209.555     713.70     509.67     502.54
209.775     713.70     509.61     502.54
209.996     713.70     509.56     502.54
210.215     713.70     509.51     502.54
210.435     713.70     509.46     502.54
210.655     713.70     509.40     502.54
210.874     713.70     509.35     502.54
211.094     713.70     509.30     502.54
211.313     713.70     509.25     502.54
211.533     713.70     509.20     502.54
211.753     713.70     509.14     502.54
211.973     713.70     509.10     502.54
212.193     713.70     509.05     502.54
212.413     713.70     509.00     502.54
212.633     713.70     508.95     502.54
212.853     713.70     508.89     502.54
213.072     713.70     508.81     502.54
213.292     713.70     508.71     502.54
213.512     713.70     508.62     502.54
213.732     713.70     508.48     502.54
213.951     713.70     508.33     502.54
214.171     713.70     508.12     502.54
214.392     713.70     507.88     502.54
214.613     713.70     507.74     502.54
214.834     713.70     507.60     502.54
215.055     713.70     507.52     502.54
215.275     713.70     507.44     502.54
215.494     713.70     507.32     502.54
215.714     713.70     507.27     502.54
215.934     713.70     507.22     502.54
216.154     713.70     507.20     502.54
216.375     713.70     507.16     502.54
216.595     713.70     507.10     502.54
216.815     713.32     506.67     502.54
217.035     712.91     506.22     502.54
217.255     712.66     505.92     502.54
217.475     711.66     504.87     502.54
217.694     710.66     503.85     502.54
217.914     709.79     502.93     502.54
218.134     708.79     501.88     502.54
218.354     707.04     500.07     502.54
218.574     705.16     498.16     502.54
218.794     703.66     496.60     502.54
219.013     701.41     494.33     502.54
219.233     699.38     492.23     503.70
219.452     699.38     492.15     507.87
219.672     699.38     492.08     511.25
219.891     699.38     491.96     515.08
220.112     699.38     491.92     519.12
220.332     699.38     491.81     523.45
220.552     699.38     491.69     527.75
220.772     699.38     491.56     531.16
220.992     699.38     491.35     536.29
221.212     699.38     491.12     542.62
221.432     699.38     491.00     549.95
221.653     699.38     490.90     554.81
221.877     699.38     490.88     561.47
222.099     699.38     490.84     566.68
222.321     699.38     490.69     572.52
222.543     699.38     490.65     579.14
222.764     699.38     490.64     585.77
222.985     698.13     489.34     591.82
223.205     695.37     486.56     597.38
223.425     693.14     484.31     602.06
223.643     691.17     482.33     605.83
223.862     688.58     479.73     611.04
224.081     685.82     476.96     616.44
224.300     682.90     474.02     622.11
224.520     680.05     471.16     628.12
224.739     676.76     467.86     634.82
224.957     674.07     465.15     640.20
225.175     670.86     461.93     646.54
225.393     667.65     458.71     652.79
225.611     664.85     455.90     658.46
225.828     663.70     454.73     660.95
226.045     663.70     454.72     660.95
226.262     663.70     454.71     660.95
226.480     663.70     454.70     660.95
226.698     663.70     454.67     660.95
226.916     663.70     454.67     660.95
227.134     663.70     454.66     660.95
227.353     663.70     454.64     660.95
227.572     663.70     454.60     660.95
227.792     663.70     454.56     660.95
228.010     663.70     454.52     660.95
228.227     663.70     454.51     660.95
228.444     663.70     454.44     660.95
228.662     663.70     454.42     660.95
228.880     663.70     454.35     660.95
229.098     663.70     454.25     660.95
229.317     663.70     454.24     660.95
229.535     663.70     454.20     660.95
229.753     663.70     454.12     660.95
229.972     663.70     454.05     660.95
230.191     663.70     453.95     660.95
230.409     663.70     453.84     660.95
230.627     663.70     453.78     660.95
230.848     663.70     453.71     660.95
231.069     663.70     453.67     660.95
231.289     663.70     453.62     660.95
231.508     663.70     453.58     660.95
231.728     663.70     453.54     660.95
231.947     663.70     453.51     660.95
232.166     663.70     453.47     660.95
232.386     663.70     453.47     660.95
232.605     663.70     453.46     660.95
232.824     663.70     453.42     660.95
233.042     663.70     453.40     660.95
233.261     663.70     453.40     660.95
233.480     663.70     453.39     660.95
233.698     663.70     453.38     660.95
233.916     663.70     453.38     660.95
234.135     663.70     453.37     660.95
234.354     663.70     453.36     660.95
234.573     663.70     453.36     660.95
234.792     663.70     453.35     660.95
235.012     663.70     453.35     660.95
235.231     663.70     453.34     660.95
235.450     663.70     453.34     660.95
235.672     663.70     453.33     660.95
235.896     663.70     453.32     660.95
236.118     663.70     453.32     660.95
236.337     663.70     453.31     660.95
236.555     663.70     453.31     660.95
236.774     663.70     453.30     660.95
236.992     663.70     453.30     660.95
237.211     663.70     453.29     660.95
237.430     663.70     453.29     660.95
237.649     663.70     453.28     660.95
237.868     663.70     453.28     660.95
238.087     663.70     453.27     660.95
238.306     663.70     453.27     660.95
238.524     663.70     453.27     660.95
238.742     663.70     453.26     660.95
238.961     663.70     453.26     660.95
239.179     663.70     453.26     660.95
239.398     663.70     453.26     660.95
239.616     663.70     453.25     660.95
239.832     663.70     453.25     660.95
240.050     663.70     453.25     660.95
240.269     663.70     453.24     660.95
240.488     663.70     453.24     660.95
240.707     663.70     453.24     660.91
240.926     663.70     453.24     660.91
241.145     663.70     453.24     660.91
241.364     663.70     453.23     660.91
241.583     663.70     453.23     660.91
241.804     663.70     453.23     660.91
242.027     663.70     453.23     660.91
242.249     663.70     453.23     660.91
242.470     663.70     453.22     660.91
242.691     663.70     453.22     660.91
242.910     663.70     453.22     660.91
243.129     663.70     453.22     660.91
243.348     663.70     453.22     660.91
243.567     663.70     453.22     660.91
243.784     663.70     453.21     660.91
244.001     663.70     453.21     660.91
244.219     663.70     453.21     660.91
244.438     663.70     453.21     660.91
244.656     663.70     453.21     660.91
244.874     663.70     453.21     660.91
245.093     663.70     453.21     660.91
245.311     663.70     453.21     660.91
245.531     663.70     453.21     660.91
245.752     663.70     453.20     660.91
245.971     663.70     453.20     660.91
246.189     663.70     453.20     660.91
246.407     663.70     453.20     660.91
246.625     663.70     453.20     660.91
246.844     663.70     453.20     660.91
247.063     663.70     453.20     660.91
247.282     663.70     453.20     660.91
247.500     663.70     453.20     660.91
247.718     663.70     453.20     660.91
247.936     663.70     453.20     660.91
248.155     663.70     453.20     660.91
248.373     663.70     453.20     660.91
248.591     663.70     453.20     660.91
248.809     663.70     453.20     660.91
249.027     663.70     453.19     660.91
249.246     663.70     453.19     660.91
249.464     663.70     453.19     660.91
249.682     663.70     453.19     660.91
249.903     663.70     453.19     660.91
250.123     663.70     453.19     660.91
250.341     663.70     453.19     660.91
250.559     663.70     453.19     660.91
250.776     663.70     453.19     660.91
250.994     663.70     453.19     660.91
251.212     663.70     453.19     660.91
251.430     663.70     453.19     660.91
251.647     663.70     453.19     660.91
251.866     663.70     453.19     660.91
252.086     663.70     453.19     660.91
252.305     663.70     453.19     660.91
252.522     663.70     453.19     660.91
252.739     663.70     453.19     660.91
252.957     663.70     453.19     660.91
253.174     663.70     453.19     660.91
253.391     663.70     453.19     660.91
253.609     663.70     453.19     660.91
253.827     663.70     453.19     660.91
254.045     663.70     453.19     660.91
254.264     663.70     453.19     660.91
254.485     663.70     453.19     660.91
254.704     663.70     453.19     660.91
254.922     663.70     453.19     660.91
255.140     663.70     453.19     660.91
255.357     663.70     453.19     660.91
255.575     663.70     453.19     660.91
255.793     663.70     453.19     660.91
256.011     663.70     453.19     660.91
256.229     663.70     453.19     660.91
256.447     663.70     453.19     660.91
256.665     663.70     453.19     660.91
256.885     663.70     453.19     660.91
257.106     663.70     453.19     660.91
257.327     663.70     453.19     660.91
257.547     663.70     453.19     660.91
257.764     663.70     453.19     660.91
257.982     663.70     453.19     660.91
258.199     663.70     453.19     660.91
258.417     663.70     453.18     660.91
258.634     663.70     453.18     660.91
258.852     663.70     453.17     660.91
259.071     663.70     453.17     660.91
259.291     663.70     453.18     660.91
259.511     663.70     453.18     660.91
259.730     663.70     453.18     660.91
259.950     663.70     453.17     660.91
260.169     663.70     453.18     660.91
260.389     663.70     453.18     660.91
260.608     663.70     453.18     660.91
260.826     663.70     453.18     660.91
261.044     663.70     453.18     660.91
261.261     663.70     453.18     660.91
261.480     663.70     453.18     660.91
261.700     663.70     453.18     660.91
261.920     663.70     453.18     660.91
262.140     663.70     453.18     660.91
262.360     663.70     453.17     660.91
262.578     663.70     453.17     660.91
262.795     663.70     453.17     660.91
263.013     663.70     453.17     660.91
263.230     663.70     453.17     660.91
263.448     663.70     453.17     660.91
263.665     663.70     453.17     660.91
263.884     663.70     453.17     660.91
264.106     663.70     453.17     660.91
264.328     663.70     453.17     660.91
264.548     663.70     453.17     660.91
264.766     663.70     453.17     660.91
264.984     663.70     453.17     660.91
265.202     663.70     453.17     660.91
265.419     663.70     453.17     660.91
265.640     663.70     453.17     660.91
265.861     663.70     453.17     660.91
266.080     663.70     453.17     660.91
266.301     663.70     453.17     660.91
266.520     663.70     453.17     660.91
266.737     663.70     453.17     660.91
266.955     663.70     453.17     660.91
267.173     663.70     453.17     660.91
267.391     663.70     453.17     660.91
267.609     663.70     453.17     660.91
267.827     663.70     453.17     660.91
268.045     663.70     453.17     660.91
268.263     663.70     453.17     660.91
268.482     663.70     453.17     660.91
268.702     663.70     453.17     660.91
268.923     663.70     453.17     660.91
269.143     663.70     453.17     660.91
269.362     663.70     453.17     660.91
269.585     663.70     453.17     660.91
269.813     663.70     453.17     660.91
270.040     663.70     453.17     660.91
270.265     663.70     453.17     660.91
270.490     663.67     453.17     660.91
270.717     663.67     453.17     660.91
270.947     663.67     453.17     660.91
271.177     663.67     453.17     660.91
271.406     663.67     453.17     660.91
271.636     663.67     453.17     660.91
271.863     663.67     453.17     660.91
272.091     663.67     453.17     660.91
272.320     663.67     453.17     660.91
272.550     663.67     453.17     660.91
272.779     663.67     453.17     660.91
273.008     663.67     453.17     660.91
273.234     663.67     453.17     660.91
273.460     663.67     453.17     660.91
273.685     663.67     453.17     660.91
273.912     663.67     453.17     660.91
274.142     663.67     453.17     660.91
274.372     663.67     453.17     660.91
274.602     663.67     453.17     660.91
274.831     663.67     453.17     660.91
275.059     663.67     453.17     660.91
275.285     663.67     453.17     660.91
275.512     663.67     453.17     660.91
275.741     663.67     453.17     660.91
275.971     663.67     453.17     660.91
276.200     663.67     453.17     660.91
276.429     663.67     453.17     660.91
276.658     663.67     453.17     660.91
276.884     663.67     453.17     660.91
277.112     663.67     453.17     660.91
277.342     663.67     453.17     660.91
277.571     663.67     453.17     660.91
277.800     663.67     453.17     660.91
278.029     663.67     453.17     660.91
278.257     663.67     453.17     660.91
278.483     663.67     453.17     660.91
278.708     663.67     453.17     660.91
278.936     663.67     453.17     660.91
279.166     663.67     453.17     660.91
279.396     663.67     453.17     660.91
279.626     663.67     453.17     660.91
279.855     663.67     453.17     660.91
280.082     663.67     453.17     660.91
280.307     663.67     453.17     660.91
280.533     663.67     453.17     660.91
280.762     663.67     453.17     660.91
280.991     663.67     453.17     660.91
281.220     663.67     453.17     660.91
281.447     663.67     453.17     660.91
281.675     663.67     453.17     660.91
281.904     663.67     453.17     660.91
282.134     663.67     453.17     660.91
282.363     663.67     453.17     660.91
282.594     663.67     453.17     660.91
282.824     663.67     453.17     660.91
283.054     663.67     453.17     660.91
283.284     663.67     453.17     660.91
283.514     663.67     453.17     660.91
283.743     663.67     453.17     660.91
283.972     663.67     453.17     660.91
284.202     663.67     453.17     660.91
284.431     663.67     453.17     660.91
284.661     663.67     453.17     660.91
284.890     663.67     453.17     660.91
285.120     663.67     453.17     660.91
285.349     663.67     453.17     660.91
285.578     663.67     453.17     660.91
285.808     663.67     453.17     660.91
286.036     663.67     453.17     660.91
286.264     663.67     453.17     660.91
286.494     663.67     453.17     660.91
286.723     663.67     453.17     660.91
286.953     663.67     453.17     660.91
287.183     663.67     453.17     660.91
287.412     663.67     453.17     660.91
287.642     663.67     453.17     660.91
287.871     663.67     453.17     660.91
288.100     663.67     453.17     660.91
288.329     663.67     453.17     660.91
288.559     663.67     453.17     660.91
288.788     663.67     453.17     660.91
289.018     663.67     453.17     660.91
289.245     663.67     453.17     660.91
289.473     663.67     453.17     660.91
289.703     663.67     453.17     660.91
289.933     663.67     453.17     660.91
290.163     663.67     453.17     660.91
290.392     663.67     453.17     660.91
290.621     663.67     453.17     660.91
290.851     663.67     453.17     660.91
291.078     663.67     453.17     660.91
291.305     663.67     453.17     660.91
291.535     663.67     453.17     660.91
291.764     663.67     453.17     660.91
291.993     663.67     453.17     660.91
292.222     663.67     453.17     660.91
292.452     663.67     453.17     660.91
292.681     663.67     453.17     660.91
292.911     663.67     453.17     660.91
293.140     663.67     453.17     660.91
293.369     663.67     453.17     660.91
293.598     663.67     453.17     660.91
293.826     663.67     453.17     660.91
294.055     663.67     453.17     660.91
294.282     663.67     453.17     660.91
294.510     663.67     453.17     660.91
294.740     663.67     453.17     660.91
294.969     663.67     453.17     660.91
295.199     663.67     453.17     660.91
295.429     663.67     453.17     660.91
295.658     663.67     453.17     660.91
295.888     663.67     453.17     660.91
296.117     663.67     453.17     660.91
296.346     663.67     453.17     660.91
296.576     663.67     453.17     660.91
296.805     663.67     453.17     660.91
297.034     663.67     453.17     660.91
297.263     663.67     453.17     660.91
297.491     663.67     453.17     660.91
297.719     663.67     453.17     660.91
297.948     663.67     453.17     660.91
298.177     663.67     453.17     660.91
298.405     663.67     453.17     660.91
298.632     663.67     453.17     660.91
298.862     663.67     453.17     660.91
299.089     663.67     453.17     660.91
299.314     663.67     453.17     660.91
299.542     663.67     453.17     660.91
299.772     663.67     453.17     660.91
300.002     663.67     453.17     660.91
300.231     663.67     453.17     660.91
300.461     663.67     453.17     660.91
300.690     663.67     453.03     660.91
300.919     663.67     453.17     660.91
301.148     663.67     453.17     660.91
301.377     663.67     453.17     660.91
301.606     663.67     453.17     660.91
301.835     663.67     453.17     660.91
302.064     663.67     453.17     660.91
302.293     663.67     453.17     660.91
302.522     663.67     453.17     660.91
302.752     663.67     453.17     660.91
302.981     663.67     453.17     660.91
303.210     663.67     453.17     660.91
303.439     663.67     453.17     660.91
303.668     663.67     453.17     660.91
303.897     663.67     453.17     660.91
304.126     663.67     453.17     660.91
304.355     663.67     453.17     660.91
304.584     663.67     453.17     660.91
304.815     663.67     453.17     660.91
305.048     663.67     453.17     660.91
305.280     663.67     453.17     660.91
305.511     663.67     453.17     660.91
305.742     663.67     453.17     660.91
305.970     663.67     453.17     660.91
306.195     663.67     453.17     660.91
306.423     663.67     453.17     660.91
306.653     663.67     453.17     660.91
306.884     663.67     453.17     660.91
307.112     663.67     453.17     660.91
307.337     663.67     453.17     660.91
307.565     663.67     453.17     660.91
307.794     663.67     453.17     660.91
308.023     663.67     453.17     660.91
308.252     663.67     453.17     660.91
308.480     663.67     453.17     660.91
308.710     663.67     453.17     660.91
308.939     663.67     453.17     660.91
309.167     663.67     453.17     660.91
309.394     663.67     453.17     660.91
309.622     663.67     453.17     660.91
309.850     663.67     453.17     660.91
310.078     663.67     453.17     660.91
310.303     663.67     453.17     660.91
310.531     663.67     453.17     660.91
310.760     663.67     453.17     660.91
310.990     663.67     453.17     660.91
311.219     663.67     453.17     660.91
311.449     663.67     453.17     660.91
311.678     663.67     453.17     660.91
311.908     663.67     453.17     660.91
312.137     663.67     453.17     660.91
312.367     663.67     453.17     660.91
312.596     663.67     453.17     660.91
312.826     663.67     453.17     660.91
313.055     663.67     453.17     660.91
313.284     663.67     453.17     660.91
313.512     663.67     453.17     660.91
313.741     663.67     453.17     660.91
313.968     663.67     453.17     660.91
314.195     663.67     453.17     660.91
314.422     663.67     453.17     660.91
314.650     663.67     453.17     660.91
314.880     663.67     453.17     660.91
315.108     663.67     453.17     660.91
315.334     663.67     453.17     660.91
315.562     663.67     453.17     660.91
315.791     663.67     453.17     660.91
316.021     663.67     453.17     660.91
316.250     663.67     453.17     660.91
316.479     663.67     453.17     660.91
316.708     663.67     453.17     660.91
316.937     663.67     453.17     660.91
317.166     663.67     453.17     660.91
317.396     663.67     453.17     660.91
317.623     663.67     453.17     660.91
317.850     663.67     453.17     660.91
318.078     663.67     453.17     660.91
318.303     663.67     453.17     660.91
318.528     663.67     453.17     660.91
318.756     663.67     453.17     660.91
318.986     663.67     453.17     660.91
319.215     663.67     453.17     660.91
319.445     663.67     453.17     660.91
319.673     663.67     453.17     660.91
319.898     663.67     453.17     660.91
320.126     663.67     453.17     660.91
320.355     663.67     453.17     660.91
320.584     663.67     453.17     660.91
320.812     663.67     453.17     660.91
321.039     663.67     453.17     660.91
321.267     663.67     453.17     660.91
321.493     663.67     453.17     660.91
321.719     663.67     453.17     660.91
321.946     663.67     453.17     660.91
322.174     663.67     453.17     660.91
322.405     663.67     453.17     660.91
322.635     663.67     453.17     660.91
322.865     663.67     453.17     660.91
323.095     663.67     453.17     660.91
323.324     663.67     453.17     660.91
323.553     663.67     453.17     660.91
323.782     663.67     453.17     660.91
324.009     663.67     453.17     660.91
324.237     663.67     453.17     660.91
324.466     663.67     453.17     660.91
324.694     663.67     453.17     660.91
324.921     663.67     453.17     660.91
325.151     663.67     453.17     660.91
325.380     663.67     453.17     660.91
325.609     663.67     453.17     660.91
325.838     663.67     453.17     660.91
326.067     663.67     453.17     660.91
326.297     663.67     453.17     660.91
326.527     663.67     453.17     660.91
326.756     663.67     453.17     660.91
326.985     663.67     453.17     660.91
327.214     663.67     453.17     660.91
327.444     663.67     453.17     660.91
327.673     663.67     453.17     660.91
327.901     663.67     453.17     660.91
328.128     663.67     453.17     660.91
328.357     663.67     453.17     660.91
328.585     663.67     453.17     660.91
328.813     663.67     453.17     660.91
329.042     663.67     453.17     660.91
329.270     663.67     453.17     660.91
329.498     663.67     453.17     660.91
329.723     663.67     453.17     660.91
329.951     663.67     453.17     660.91
330.179     663.67     453.17     660.91
330.407     663.67     453.17     660.91
330.635     663.67     453.17     660.91
330.860     663.67     453.17     660.91
331.088     663.67     453.17     660.91
331.315     663.67     453.17     660.91
331.542     663.67     453.17     660.91
331.771     663.67     453.17     660.91
332.000     663.67     453.17     660.91
332.228     663.67     453.17     660.91
332.457     663.67     453.17     660.91
332.685     663.67     453.17     660.91
332.913     663.67     453.17     660.91
333.140     663.67     453.17     660.91
333.367     663.67     453.17     660.91
333.595     663.67     453.17     660.91
333.824     663.67     453.17     660.91
334.050     663.67     453.17     660.91
334.276     663.67     453.17     660.91
334.502     663.67     453.17     660.91
334.729     663.67     453.17     660.91
334.958     663.67     453.17     660.91
335.187     663.67     453.17     660.91
335.415     663.67     453.17     660.91
335.641     663.67     453.17     660.91
335.869     663.67     453.17     660.91
336.098     663.67     453.17     660.91
336.327     663.67     453.17     660.91
336.555     663.67     453.17     660.91
336.781     663.67     453.17     660.91
337.008     663.67     453.17     660.91
337.238     663.67     453.17     660.91
337.466     663.67     453.17     660.91
337.694     663.67     453.17     660.91
337.922     663.67     453.17     660.91
338.151     663.67     453.17     660.91
338.378     663.67     453.17     660.91
338.602     663.67     453.17     660.91
338.829     663.67     453.17     660.91
339.056     663.67     453.17     660.91
339.282     663.67     453.17     660.91
339.507     663.67     453.17     660.91
339.735     663.67     453.17     660.91
339.965     663.67     453.17     660.91
340.194     663.67     453.17     660.91
340.423     663.67     453.17     660.91
340.650     663.67     453.17     660.91
340.875     663.67     453.17     660.91
341.101     663.67     453.17     660.91
341.326     663.67     453.17     660.91
341.551     663.67     453.17     660.91
341.776     663.67     453.17     660.91
342.004     663.67     453.17     660.91
342.232     663.67     453.17     660.91
342.457     663.67     453.17     660.91
342.683     663.67     453.17     660.91
342.910     663.67     453.17     660.91
343.140     663.67     453.17     660.91
343.367     663.67     453.17     660.91
343.594     663.67     453.17     660.91
343.822     663.67     453.17     660.91
344.050     663.67     453.17     660.91
344.280     663.67     453.17     660.91
344.510     663.67     453.17     660.91
344.739     663.67     453.17     660.91
344.969     663.67     453.17     660.91
345.196     663.67     453.17     660.91
345.423     663.67     453.17     660.91
345.651     663.67     453.17     660.91
345.878     663.67     453.17     660.91
346.108     663.67     453.17     660.91
346.338     663.67     453.17     660.91
346.565     663.67     453.17     660.91
346.792     663.67     453.17     660.91
347.020     663.67     453.17     660.91
347.250     663.67     453.17     660.91
347.479     663.67     453.17     660.91
347.707     663.67     453.17     660.91
347.935     663.67     453.17     660.91
348.163     663.67     453.17     660.91
348.389     663.67     453.17     660.91
348.614     663.67     453.17     660.91
348.842     663.67     453.17     660.91
349.071     663.67     453.17     660.91
349.301     663.67     453.17     660.91
349.529     663.67     453.17     660.91
349.758     663.67     453.17     660.91
349.987     663.67     453.17     660.91
350.215     663.67     453.17     660.91
350.442     663.67     453.17     660.91
350.672     663.67     453.17     660.91
350.901     663.67     453.17     660.91
351.131     663.67     453.17     660.91
351.359     663.67     453.17     660.91
351.584     663.67     453.17     660.91
351.811     663.67     453.17     660.91
352.039     663.67     453.17     660.91
352.264     663.67     453.17     660.91
352.491     663.67     453.17     660.91
352.717     663.67     453.17     660.91
352.944     663.67     453.17     660.91
353.172     663.67     453.17     660.91
353.402     663.67     453.17     660.91
353.631     663.67     453.17     660.91
353.859     663.67     453.17     660.91
354.086     663.67     453.17     660.91
354.313     663.67     453.17     660.91
354.543     663.67     453.17     660.91
354.772     663.67     453.17     660.91
355.002     663.67     453.17     660.91
355.230     663.67     453.17     660.91
355.457     663.67     453.17     660.91
355.686     663.67     453.17     660.91
355.915     663.67     453.17     660.91
356.144     663.67     453.17     660.91
356.371     663.67     453.17     660.91
356.596     663.67     453.17     660.91
356.824     663.67     453.17     660.91
357.052     663.67     453.17     660.91
357.282     663.67     453.17     660.91
357.509     663.67     453.17     660.91
357.734     663.67     453.17     660.91
357.961     663.67     453.17     660.91
358.188     663.67     453.17     660.91
358.415     663.67     453.17     660.91
358.642     663.67     453.17     660.91
358.869     663.67     453.17     660.91
359.097     663.67     453.17     660.91
359.324     663.67     453.17     660.91
359.553     663.67     453.17     660.91
359.781     663.67     453.17     660.91
360.010     663.67     453.17     660.91
360.238     663.67     453.17     660.91
360.467     663.67     453.17     660.91
360.693     663.67     453.17     660.91
360.920     663.67     453.17     660.91
361.150     663.67     453.17     660.91
361.379     663.67     453.17     660.91
361.608     663.67     453.17     660.91
361.837     663.67     453.17     660.91
362.066     663.67     453.17     660.91
362.295     663.67     453.17     660.91
362.525     663.67     453.17     660.91
362.754     663.67     453.17     660.91
362.983     663.67     453.17     660.91
363.212     663.67     453.17     660.91
363.440     663.67     453.17     660.91
363.667     663.67     453.17     660.91
363.894     663.67     453.17     660.91
364.123     663.67     453.17     660.91
364.352     663.67     453.17     660.91
364.579     663.67     453.17     660.91
364.805     663.67     453.17     660.91
365.037     663.67     453.17     660.91
365.270     663.67     453.17     660.91
365.502     663.67     453.17     660.91
365.731     663.67     453.17     660.91
365.960     663.67     453.17     660.91
366.188     663.67     453.17     660.91
366.416     663.67     453.17     660.91
366.643     663.67     453.17     660.91
366.871     663.67     453.17     660.91
367.099     663.67     453.17     660.91
367.327     663.67     453.17     660.91
367.556     663.67     453.17     660.91
367.785     663.67     453.17     660.91
368.014     663.67     453.17     660.91
368.243     663.67     453.17     660.91
368.472     663.67     453.17     660.91
368.701     663.67     453.17     660.91
368.927     663.67     453.17     660.91
369.153     663.67     453.17     660.91
369.378     663.67     453.17     660.91
369.604     663.67     453.17     660.91
369.830     663.67     463.91     656.81
370.057     663.67     530.97     656.25
370.283     663.67     530.97     656.25
370.505     663.67     530.97     656.25
370.725     663.67     530.97     656.25
370.956     663.67     530.97     656.25
371.193     663.67     530.97     656.25
371.420     663.67     530.97     656.25
371.642     663.67     530.97     656.25
371.866     663.67     530.97     656.25
372.093     663.67     530.97     656.25
372.319     663.67     530.97     656.25
372.543     663.67     530.97     656.25
372.763     663.67     530.97     656.25
372.982     663.67     530.97     656.25
373.202     663.67     530.97     656.25
373.421     663.67     530.97     656.25
373.639     663.67     530.97     656.25
373.857     663.67     530.97     656.25
374.075     663.67     530.97     656.25
374.295     663.67     530.97     656.25
374.514     663.67     530.97     656.25
374.732     663.67     530.97     656.25
374.950     663.67     530.97     656.25
375.169     663.67     530.97     656.25
375.390     663.67     530.97     656.25
375.613     663.67     530.97     656.25
375.834     663.67     530.97     656.25
376.054     663.67     530.97     656.25
376.273     663.67     530.97     656.25
376.492     663.67     530.97     656.25
376.711     663.67     530.97     656.25
376.931     663.67     530.97     656.25
377.153     663.67     530.97     656.25
377.373     663.67     530.97     656.25
377.592     663.67     530.97     656.25
377.810     663.67     530.97     656.25
378.028     663.67     530.97     656.25
378.246     663.67     530.97     656.25
378.464     663.67     530.97     656.25
378.682     663.67     530.97     656.25
378.900     663.67     530.97     656.25
379.118     663.67     530.97     656.25
379.337     663.67     530.97     656.25
379.556     663.67     530.97     656.25
379.776     663.67     530.97     656.25
379.998     663.67     531.95     656.24
380.211       6.08       3.67       5.09
380.413       6.08       3.67       5.09
380.614       6.08       3.67       5.09
380.816       6.08       3.67       5.09
ERROR: can't open /proc/2738069/smaps: No such file or directory at /scratchNVME/pg-tpch/wss.pl line 226.
