Watching PID 2835506 page references grow, output every 0.2 seconds...
Est(s)     RSS(MB)    PSS(MB)    Ref(MB)
0.209       414.76     411.38     315.66
0.427       713.91     709.96     615.64
0.651       713.91     602.66     616.95
0.880       713.92     708.89     670.61
1.104       713.92     708.45     670.61
1.324       713.92     708.23     670.61
1.543       713.92     708.01     670.61
1.763       713.92     707.83     670.62
1.984       713.92     707.61     670.62
2.205       713.92     707.39     670.62
2.427       713.92     707.17     670.62
2.649       713.92     706.95     670.62
2.870       713.92     706.73     670.62
3.090       713.92     706.54     670.62
3.310       713.92     706.11     670.62
3.531       713.92     705.89     670.62
3.752       713.92     705.67     670.62
3.971       713.92     705.45     670.62
4.191       713.92     705.26     670.62
4.410       713.92     705.04     670.62
4.631       713.92     704.83     670.62
4.851       713.92     704.61     670.62
5.076       713.92     696.60     670.63
5.302       713.92     669.18     670.63
5.521       713.92     668.42     670.63
5.741       713.92     667.94     670.63
5.963       713.92     667.46     670.63
6.183       713.92     666.98     670.63
6.400       713.92     665.81     670.63
6.617       713.92     665.06     670.63
6.837       713.92     664.58     670.63
7.059       713.92     664.09     670.63
7.277       713.92     663.61     670.63
7.495       713.92     662.57     670.63
7.713       713.92     661.69     670.63
7.930       713.92     660.99     670.63
8.148       713.92     660.51     670.63
8.365       713.92     660.03     670.63
8.583       713.92     659.18     670.63
8.801       713.92     658.10     670.63
9.018       713.80     657.52     670.63
9.235       713.80     657.08     670.63
9.454       713.80     656.65     670.63
9.674       713.80     656.19     670.63
9.893       713.80     655.06     670.63
10.111      713.80     654.34     670.63
10.336      713.80     653.66     670.63
10.563      713.80     653.22     670.63
10.789      713.80     652.75     670.63
11.015      713.80     652.19     670.63
11.236      713.80     650.97     670.63
11.457      713.80     650.44     670.63
11.675      713.80     649.98     670.63
11.897      713.80     649.54     670.63
12.119      713.80     649.11     670.63
12.340      713.80     648.18     670.63
12.565      661.68     595.66     654.13
12.786      661.64     595.61     654.09
13.001      636.14     574.68     628.62
13.214      531.53     471.10     524.00
13.425      427.69     367.20     420.16
13.634      325.73     265.19     318.21
13.842      321.71     261.15     314.19
14.051      321.71     261.15     314.19
14.259      321.71     261.15     314.19
14.467      321.71     261.15     314.19
14.676      321.71     261.14     314.29
14.886      321.71     261.14     314.29
15.094      321.71     261.14     314.29
15.303      321.47     261.06     314.04
15.511      321.45     261.05     314.02
15.719      321.45     261.05     314.02
15.927      321.45     261.05     314.02
16.136      321.45     261.04     314.02
16.344      321.45     261.04     314.02
16.552      321.40     261.03     313.97
16.760      320.02     260.57     312.59
16.969      320.02     260.57     312.59
17.178      320.02     260.57     312.59
17.388      320.02     260.57     312.59
17.599      320.02     260.57     312.59
17.808      312.28     257.99     304.85
18.015       12.09       7.43       4.66
18.219       12.09       7.43       4.66
18.422       12.09       7.43       4.66
18.626       12.09       7.43       4.66
18.830       12.09       7.43       4.66
19.033       12.09       7.43       4.66
19.237       12.09       7.43       4.66
19.441       12.09       7.43       4.66
19.645       12.09       7.43       4.66
19.849       12.09       7.43       4.66
20.052       12.09       7.43       4.66
20.256       12.09       7.43       4.66
20.460       12.09       7.43       4.66
20.664       11.88       7.33       4.45
20.868       11.88       7.33       4.45
21.071       11.88       7.33       4.45
21.275       11.88       7.33       4.45
21.479       11.88       7.33       4.45
21.683       11.88       7.33       4.45
21.886       11.88       7.33       4.45
22.090       11.88       7.33       4.45
22.294       11.88       7.33       4.45
22.498       11.88       7.33       4.45
22.702       11.88       7.33       4.45
22.905       11.88       7.33       4.45
23.109       11.88       7.33       4.45
23.313       11.88       7.33       4.45
23.517       11.88       7.33       4.45
23.721       11.88       7.33       4.45
23.924       11.88       7.33       4.45
24.128       11.88       7.33       4.45
24.332       11.88       7.33       4.45
24.536       11.88       7.33       4.45
24.740       11.88       7.33       4.45
24.943       11.88       7.33       4.45
25.147       11.88       7.33       4.45
25.351       11.88       7.33       4.45
25.555       11.88       7.33       4.45
25.758       11.88       7.30       4.45
25.961        5.94       3.48       4.95
26.163        5.94       3.48       4.95
26.364       13.58      11.12      12.61
26.573      324.97     322.51     324.03
26.791      678.68     676.22     677.73
27.018      713.82     662.71     712.88
27.245      713.82     708.86     712.84
27.465      713.82     708.64     712.84
27.686      713.82     708.42     712.84
27.908      713.82     707.98     712.84
28.134      713.82     707.80     712.84
28.360      713.82     707.58     712.84
28.582      713.82     707.36     712.84
28.803      713.82     707.14     712.84
29.023      713.82     706.92     712.84
29.243      713.82     706.70     712.84
29.463      713.82     706.51     712.84
29.685      713.82     706.30     712.84
29.905      713.82     706.08     712.84
30.127      713.82     705.64     712.84
30.349      713.82     705.42     712.84
30.570      713.82     705.23     712.84
30.791      713.82     705.01     712.84
31.011      713.82     704.80     712.84
31.232      713.82     704.58     712.84
31.452      713.82     704.36     712.84
31.672      713.82     704.14     712.84
31.897      713.82     703.95     712.84
32.129      713.82     703.51     712.84
32.360      713.82     703.30     712.84
32.584      713.82     703.08     712.84
32.805      713.82     702.86     712.84
33.028      713.82     702.67     712.84
33.255      713.82     702.45     712.84
33.481      713.82     702.23     712.84
33.703      713.82     702.01     712.84
33.923      713.82     701.80     712.84
34.143      713.82     701.39     712.84
34.363      713.82     701.17     712.84
34.583      713.82     700.95     712.84
34.804      713.82     700.73     712.84
35.024      713.82     700.51     712.84
35.245      713.82     700.33     712.84
35.465      713.82     700.11     712.84
35.686      713.82     699.89     712.84
35.906      713.82     699.67     712.84
36.127      713.82     692.83     712.89
36.338        5.98       3.52       5.11
ERROR: can't open /proc/2835506/smaps: No such file or directory at /scratchNVME/pg-tpch/wss.pl line 226.
