Watching PID 3144209 page references grow, output every 0.2 seconds...
Est(s)     RSS(MB)    PSS(MB)    Ref(MB)
0.208       391.14     388.60     303.84
0.427       713.96     711.38     627.13
0.649       714.08     709.01     628.84
0.872       714.08     708.61     628.84
1.094       714.08     708.39     628.84
1.315       714.08     708.17     628.84
1.537       714.08     707.95     628.84
1.759       714.08     707.73     628.84
1.980       714.08     707.54     628.84
2.200       714.08     707.32     628.84
2.419       714.08     707.11     628.84
2.638       714.08     706.89     628.84
2.857       714.08     706.67     628.84
3.077       714.08     706.26     628.84
3.295       714.08     706.04     628.84
3.514       714.08     705.82     628.84
3.733       714.08     705.61     628.84
3.956       714.08     705.39     628.90
4.188       714.08     705.20     628.91
4.418       714.08     704.98     628.91
4.639       714.08     704.76     628.91
4.860       714.08     704.54     628.91
5.085       714.08     672.22     628.91
5.311       714.08     669.58     628.92
5.536       714.08     668.37     628.92
5.765       714.08     668.12     628.92
5.994       714.08     667.90     628.92
6.224       714.08     667.68     628.92
6.453       714.08     667.46     628.92
6.680       714.08     667.05     628.92
6.908       714.08     666.83     628.92
7.136       714.08     666.62     628.92
7.364       714.08     666.40     628.92
7.591       714.08     666.21     628.92
7.817       714.08     665.99     628.92
8.045       714.08     665.77     628.92
8.272       714.08     665.55     628.92
8.499       714.08     665.12     628.92
8.725       714.08     664.93     628.92
8.952       714.08     664.71     628.92
9.183       714.08     664.49     628.92
9.414       714.08     664.27     628.92
9.645       714.08     664.05     628.92
9.875       714.08     663.83     628.92
10.104      714.08     663.43     628.92
10.332      714.08     663.21     628.92
10.561      714.08     662.99     628.92
10.790      714.08     662.77     628.92
11.021      714.08     662.55     628.99
11.253      714.08     662.37     628.99
11.483      714.08     662.15     628.99
11.713      714.08     661.71     628.99
11.943      714.08     661.49     628.99
12.172      714.08     661.30     628.99
12.401      714.08     661.09     628.99
12.628      714.08     660.87     628.99
12.855      714.08     660.65     628.99
13.084      714.08     660.43     628.99
13.310      714.08     660.02     628.99
13.536      714.08     659.80     628.99
13.764      714.08     659.59     628.99
13.992      714.08     659.37     628.99
14.220      714.08     659.15     628.99
14.450      714.08     658.93     628.99
14.683      714.08     658.74     628.99
14.918      714.08     658.30     628.99
15.150      714.08     658.09     628.99
15.380      714.08     657.87     628.99
15.609      714.08     657.65     628.99
15.839      714.08     657.46     628.99
16.068      714.08     657.24     628.99
16.298      714.08     657.02     628.99
16.527      714.08     656.58     628.99
16.756      714.08     656.40     628.99
16.986      714.08     656.18     628.99
17.215      714.08     655.96     628.99
17.443      714.08     655.74     628.99
17.671      714.08     655.52     628.99
17.899      714.08     655.30     628.99
18.127      714.08     654.90     628.99
18.355      714.08     654.68     628.99
18.582      714.08     654.46     628.99
18.809      714.08     654.24     628.99
19.038      714.08     654.02     628.99
19.267      714.08     653.84     628.99
19.496      714.08     653.62     628.99
19.724      714.08     653.40     628.99
19.952      714.08     652.96     628.99
20.181      714.08     652.74     628.99
20.409      714.08     652.55     628.99
20.637      714.08     652.33     628.99
20.866      714.08     652.12     628.99
21.094      714.08     651.90     628.99
21.322      714.08     651.68     628.99
21.550      714.08     651.27     628.99
21.779      714.08     651.05     628.99
22.007      714.08     650.84     628.99
22.236      714.08     650.62     628.99
22.464      714.08     650.40     628.99
22.692      714.08     650.21     628.99
22.920      714.08     649.99     628.99
23.148      714.08     649.55     628.99
23.375      714.08     649.34     628.99
23.601      714.08     649.12     628.99
23.828      714.08     648.93     628.99
24.057      714.08     648.71     628.99
24.286      714.08     648.49     628.99
24.515      714.08     648.27     628.99
24.742      714.08     648.05     628.99
24.969      714.08     647.65     628.99
25.197      714.08     647.43     628.99
25.425      714.08     647.21     628.99
25.652      714.08     646.99     628.99
25.881      714.08     646.77     628.99
26.108      714.08     646.59     628.99
26.335      714.08     646.37     628.99
26.563      714.08     645.93     628.99
26.791      714.08     645.71     628.99
27.018      714.08     645.49     628.99
27.248      714.08     645.30     628.99
27.477      714.08     645.09     628.99
27.704      714.08     644.87     628.99
27.932      714.08     644.65     628.99
28.159      714.08     644.21     628.99
28.385      714.08     644.02     628.99
28.612      714.08     643.80     628.99
28.839      714.08     643.59     628.99
29.067      714.08     643.37     628.99
29.296      714.08     643.15     628.99
29.524      714.08     642.93     628.99
29.751      714.08     642.74     628.99
29.978      714.08     642.30     628.99
30.207      714.08     642.09     628.99
30.436      714.08     641.87     628.99
30.663      714.08     641.68     628.99
30.890      714.08     641.46     628.99
31.117      714.08     641.24     628.99
31.344      714.08     641.02     628.99
31.573      714.08     640.59     628.99
31.802      714.08     640.40     628.99
32.031      714.08     640.18     628.99
32.260      714.08     639.96     628.99
32.488      714.08     639.74     628.99
32.715      714.08     639.52     628.99
32.942      714.08     639.30     628.99
33.170      714.08     639.12     628.99
33.399      714.08     638.68     628.99
33.627      714.08     638.46     628.99
33.855      714.08     638.24     628.99
34.084      714.08     638.02     628.99
34.313      714.08     637.84     628.99
34.541      714.08     637.62     628.99
34.771      714.08     637.40     628.99
35.001      714.08     636.96     628.99
35.231      714.08     636.77     628.99
35.459      714.08     636.55     628.99
35.686      714.08     636.34     628.99
35.914      714.08     636.12     628.99
36.143      714.08     635.90     628.99
36.373      714.08     635.68     628.99
36.601      714.08     635.27     628.99
36.829      714.08     635.05     628.99
37.058      714.08     634.83     628.99
37.287      714.08     634.62     628.99
37.516      714.08     634.40     628.99
37.743      714.08     634.21     628.99
37.970      714.08     633.99     628.99
38.198      714.08     633.55     628.99
38.426      714.08     633.34     628.99
38.652      714.08     633.12     628.99
38.878      714.08     632.93     628.99
39.106      714.08     632.71     628.99
39.331      714.08     632.49     628.99
39.556      714.08     632.27     628.99
39.783      714.08     632.05     628.99
40.013      714.08     631.65     628.99
40.242      714.08     631.43     628.99
40.471      714.08     631.21     628.99
40.700      714.08     630.99     628.99
40.930      714.08     630.77     628.99
41.160      714.08     630.59     628.99
41.389      714.08     630.37     628.99
41.617      714.08     629.93     628.99
41.844      714.08     629.71     628.99
42.073      714.08     629.49     628.99
42.302      714.08     629.30     628.99
42.530      714.08     629.09     628.99
42.757      714.08     628.87     628.99
42.984      714.08     628.65     628.99
43.213      714.08     628.43     628.99
43.441      714.08     628.02     628.99
43.670      714.08     627.80     628.99
43.899      714.08     627.58     628.99
44.126      714.08     627.37     628.99
44.352      714.08     627.15     628.99
44.580      714.08     626.96     628.99
44.810      714.08     626.74     628.99
45.039      714.08     626.30     628.99
45.268      714.08     626.09     628.99
45.497      714.08     625.87     628.99
45.728      714.08     625.68     628.99
45.960      714.08     625.46     628.99
46.190      714.08     625.24     628.99
46.421      714.08     625.02     628.99
46.648      714.08     624.59     628.99
46.876      714.08     624.40     628.99
47.105      714.08     624.18     628.99
47.332      714.08     623.96     628.99
47.559      714.08     623.74     628.99
47.786      714.08     623.52     628.99
48.013      714.08     623.30     628.99
48.243      714.08     622.90     628.99
48.472      714.08     622.68     628.99
48.701      714.08     622.46     628.99
48.930      714.08     622.24     628.99
49.159      714.08     622.05     628.99
49.387      714.08     621.84     628.99
49.613      714.08     621.62     628.99
49.840      714.08     621.40     628.99
50.069      714.08     620.96     628.99
50.296      714.08     620.77     628.99
50.524      714.08     620.55     628.99
50.752      714.08     620.34     628.99
50.982      714.08     620.12     628.99
51.211      714.08     619.90     628.99
51.439      714.08     619.68     628.99
51.665      714.08     619.27     628.99
51.893      714.08     619.05     628.99
52.120      714.08     618.84     628.99
52.348      714.08     618.62     628.99
52.576      714.08     618.40     628.99
52.804      714.08     618.21     628.99
53.034      714.08     617.99     628.99
53.263      714.08     617.55     628.99
53.492      714.08     617.34     628.99
53.719      714.08     617.15     628.99
53.946      714.08     616.93     628.99
54.176      714.08     616.71     628.99
54.405      714.08     616.49     628.99
54.635      714.08     616.27     628.99
54.862      714.08     615.87     628.99
55.090      714.08     615.65     628.99
55.318      714.08     615.43     628.99
55.546      714.08     615.21     628.99
55.773      714.08     614.99     628.99
55.999      713.95     614.64     629.00
56.227      713.95     614.45     629.00
56.456      713.95     614.23     629.00
56.685      713.95     613.80     629.00
56.915      713.95     613.58     629.00
57.143      713.95     613.36     629.00
57.370      713.95     613.17     629.00
57.599      713.95     612.95     629.00
57.828      713.95     612.73     629.00
58.058      713.95     612.51     629.00
58.287      713.95     612.11     629.00
58.516      713.95     611.89     629.00
58.743      713.95     611.67     629.00
58.970      713.95     611.45     629.00
59.199      713.95     611.23     629.00
59.427      713.95     611.02     629.00
59.656      713.95     610.83     629.00
59.885      713.95     610.39     629.00
60.113      713.95     610.17     629.00
60.341      713.95     609.95     629.00
60.570      713.40     609.19     628.68
60.798      713.40     609.00     628.68
61.028      713.40     608.78     628.68
61.268      713.40     608.57     628.68
61.511      713.40     608.13     628.68
61.745      713.40     607.91     628.68
61.977      713.40     607.72     628.68
62.206      713.40     607.50     628.68
62.434      713.40     607.28     628.68
62.663      713.40     607.07     628.68
62.893      713.40     606.66     628.68
63.121      713.40     606.44     628.68
63.349      713.40     606.22     628.68
63.577      713.40     606.00     628.68
63.806      713.40     605.78     628.68
64.035      713.40     605.57     628.68
64.264      713.40     605.38     628.68
64.493      713.40     605.16     628.68
64.720      713.40     604.72     628.68
64.948      713.40     604.50     628.68
65.178      713.40     604.28     628.68
65.408      713.40     604.10     628.68
65.635      713.40     603.88     628.68
65.861      713.40     603.66     628.68
66.090      713.40     603.44     628.68
66.319      713.40     603.00     628.68
66.549      713.40     602.82     628.68
66.777      713.40     602.60     628.68
67.005      713.40     602.38     628.68
67.235      713.40     602.16     628.68
67.464      713.40     601.94     628.68
67.694      713.40     601.75     628.68
67.924      713.40     601.31     628.68
68.153      713.40     601.10     628.68
68.382      713.40     600.88     628.68
68.611      713.40     600.66     628.68
68.841      713.40     600.47     628.68
69.070      713.40     600.25     628.68
69.298      713.40     600.03     628.68
69.526      713.40     599.60     628.68
69.753      713.40     599.38     628.68
69.981      713.40     599.19     628.68
70.210      713.40     598.97     628.68
70.440      713.40     598.75     628.68
70.669      713.40     598.53     628.68
70.899      713.40     598.31     628.68
71.127      713.40     597.91     628.68
71.355      713.40     597.69     628.68
71.585      713.40     597.47     628.68
71.815      713.40     597.25     628.68
72.045      713.40     597.03     628.68
72.274      713.40     596.85     628.68
72.503      713.40     596.63     628.68
72.731      713.40     596.19     628.68
72.958      713.40     595.97     628.68
73.188      713.40     595.75     628.68
73.417      713.40     595.57     628.68
73.644      713.40     595.35     628.68
73.872      713.40     595.13     628.68
74.099      713.40     594.91     628.68
74.326      713.40     594.69     628.68
74.556      713.40     594.28     628.68
74.787      713.40     594.07     628.68
75.017      713.40     593.85     628.68
75.247      713.40     593.63     628.68
75.477      713.40     593.41     628.68
75.706      713.40     593.19     628.68
75.936      713.40     593.00     628.68
76.166      713.40     592.57     628.68
76.397      713.40     592.35     628.68
76.626      713.40     592.13     628.68
76.855      713.40     591.91     628.68
77.085      713.40     591.72     628.68
77.312      713.40     591.50     628.68
77.538      713.40     591.28     628.68
77.763      713.40     590.85     628.68
77.991      713.40     590.66     628.68
78.222      713.40     590.44     628.68
78.452      713.40     590.22     628.68
78.682      713.40     590.00     628.68
78.911      713.40     589.78     628.68
79.141      713.40     589.57     628.68
79.370      713.40     589.16     628.68
79.600      713.40     588.94     628.68
79.829      713.40     588.72     628.68
80.059      713.40     588.50     628.68
80.288      713.40     588.28     628.68
80.518      713.40     588.10     628.68
80.746      713.40     587.88     628.68
80.974      713.40     587.44     628.68
81.205      713.40     587.22     628.68
81.435      713.40     587.00     628.68
81.665      713.40     586.82     628.68
81.894      713.40     586.60     628.68
82.125      713.40     586.38     628.68
82.363      713.40     586.16     628.68
82.604      713.40     585.75     628.68
82.840      713.40     585.53     628.68
83.076      713.40     585.32     628.68
83.309      713.40     585.10     628.68
83.539      713.40     584.88     628.68
83.767      713.40     584.66     628.68
83.995      713.40     584.25     628.68
84.226      713.40     584.03     628.68
84.455      713.40     583.82     628.68
84.685      713.40     583.60     628.68
84.915      713.40     583.38     628.68
85.144      713.40     583.19     628.68
85.374      713.40     582.97     628.68
85.603      713.40     582.53     628.68
85.833      713.40     582.32     628.68
86.062      713.40     582.10     628.68
86.291      713.40     581.91     628.68
86.518      713.40     581.69     628.68
86.745      713.40     581.47     628.68
86.972      713.40     581.25     628.68
87.198      713.40     580.85     628.68
87.424      713.40     580.63     628.68
87.650      713.40     580.41     628.68
87.876      713.40     580.19     628.68
88.102      713.40     579.97     628.68
88.328      713.40     579.75     628.68
88.553      713.40     579.57     628.68
88.779      713.40     579.35     628.68
89.005      713.40     578.91     628.68
89.231      713.40     578.69     628.68
89.458      713.40     578.47     628.68
89.688      713.40     578.28     628.68
89.916      713.40     578.07     628.68
90.142      713.40     577.85     628.68
90.369      713.40     577.63     628.68
90.597      713.40     577.19     628.68
90.823      713.40     577.00     628.68
91.049      713.40     576.78     628.68
91.276      713.40     576.57     628.68
91.503      713.40     576.35     628.68
91.730      713.40     576.13     628.68
91.958      713.40     575.94     628.68
92.187      713.40     575.72     628.68
92.412      713.40     575.28     628.68
92.640      713.40     575.07     628.68
92.869      713.40     574.85     628.68
93.100      713.40     574.66     628.68
93.329      713.40     574.44     628.68
93.558      713.40     574.22     628.68
93.787      713.40     574.00     628.68
94.016      713.40     573.57     628.68
94.244      713.40     573.38     628.68
94.473      713.40     573.16     628.68
94.702      713.40     572.94     628.68
94.931      713.40     572.72     628.68
95.161      713.40     572.50     628.68
95.388      713.40     572.28     628.68
95.616      713.40     571.88     628.68
95.845      713.40     571.66     628.68
96.074      713.40     571.44     628.68
96.304      713.40     571.22     628.68
96.533      713.40     571.03     628.68
96.761      713.40     570.82     628.68
96.992      713.40     570.60     628.68
97.223      713.40     570.16     628.68
97.454      713.40     569.94     628.68
97.684      713.40     569.75     628.68
97.915      713.40     569.53     628.68
98.145      713.40     569.31     628.68
98.375      713.40     569.10     628.68
98.605      713.40     568.88     628.68
98.834      713.40     568.47     628.68
99.064      713.40     568.25     628.68
99.293      713.40     568.03     628.68
99.522      713.40     567.81     628.68
99.752      713.40     567.60     628.68
99.981      713.40     567.38     628.68
100.210     713.40     567.19     628.68
100.439     713.40     566.75     628.68
100.666     713.40     566.53     628.68
100.894     713.40     566.32     628.68
101.123     713.40     566.13     628.68
101.352     713.40     565.91     628.68
101.583     713.40     565.69     628.68
101.811     713.40     565.47     628.68
102.039     713.40     565.19     628.68
102.269     713.40     564.85     628.68
102.497     713.40     564.63     628.68
102.727     713.40     564.41     628.68
102.956     713.40     564.19     628.68
103.185     713.40     563.97     628.68
103.413     713.40     563.75     628.68
103.640     713.40     563.57     628.68
103.870     713.40     563.13     628.68
104.100     713.40     562.91     628.68
104.330     713.40     562.69     628.68
104.560     713.40     562.47     628.68
104.788     713.40     562.28     628.68
105.016     713.40     562.06     628.68
105.246     713.40     561.85     628.68
105.475     713.40     561.41     628.68
105.704     713.40     561.22     628.68
105.932     713.40     561.00     628.68
106.161     713.40     560.78     628.68
106.391     713.40     560.57     628.68
106.621     713.40     560.35     628.68
106.849     713.40     560.13     628.68
107.077     713.40     559.72     628.68
107.307     713.40     559.50     628.68
107.536     713.40     559.28     628.68
107.764     713.40     559.07     628.68
107.994     713.40     558.85     628.68
108.227     713.40     558.66     628.68
108.466     713.40     558.22     628.68
108.705     713.40     558.00     628.68
108.939     713.40     557.78     628.68
109.171     713.40     557.57     628.68
109.402     713.40     557.38     628.68
109.632     713.40     557.16     628.68
109.862     713.40     556.94     628.68
110.093     713.40     556.50     628.68
110.323     713.40     556.32     628.68
110.552     713.40     556.10     628.68
110.782     713.40     555.88     628.68
111.013     713.40     555.66     628.68
111.243     713.40     555.44     628.68
111.473     713.40     555.22     628.68
111.704     713.40     554.82     628.68
111.935     713.40     554.60     628.68
112.165     713.40     554.38     628.68
112.395     713.40     554.16     628.68
112.624     713.40     553.94     628.68
112.852     713.40     553.75     628.68
113.081     713.40     553.50     628.68
113.311     713.40     553.10     628.68
113.538     713.40     552.88     628.68
113.766     713.40     552.66     628.68
113.996     713.40     552.47     628.68
114.226     713.40     552.25     628.68
114.456     713.40     552.03     628.68
114.685     713.40     551.81     628.68
114.915     713.40     551.41     628.68
115.145     713.40     551.19     628.68
115.374     713.40     550.97     628.68
115.604     713.40     550.75     628.68
115.834     713.40     550.53     628.68
116.064     713.40     550.32     628.68
116.294     713.40     549.91     628.68
116.523     713.40     549.69     628.68
116.752     713.40     549.47     628.68
116.982     713.40     549.25     628.68
117.212     713.40     549.03     628.68
117.442     713.40     548.85     628.68
117.672     713.40     548.63     628.68
117.902     713.40     548.19     628.68
118.132     713.40     547.97     628.68
118.359     713.40     547.75     628.68
118.587     713.40     547.56     628.68
118.816     713.40     547.35     628.68
119.046     713.40     547.13     628.68
119.276     713.40     546.91     628.68
119.505     713.40     546.50     628.68
119.735     713.40     546.28     628.68
119.963     713.40     546.07     628.68
120.192     713.40     545.85     628.68
120.422     713.40     545.63     628.68
120.652     713.05     545.06     629.07
120.882     713.05     544.87     629.07
121.112     713.05     544.87     629.07
121.342     713.05     544.87     629.07
121.571     713.05     544.87     629.07
121.801     713.05     544.87     629.07
122.033     713.05     544.87     629.07
122.263     713.05     544.87     629.07
122.493     713.05     544.87     629.07
122.723     713.05     544.87     629.07
122.954     713.05     544.87     629.07
123.184     713.05     544.87     629.07
123.411     713.05     544.87     629.07
123.639     713.05     544.87     629.07
123.869     713.05     544.87     629.07
124.099     713.05     544.87     629.07
124.329     713.05     544.87     629.07
124.558     713.05     544.87     629.07
124.788     713.05     544.87     629.07
125.019     713.05     544.87     629.07
125.249     713.05     544.87     629.07
125.479     713.05     544.87     629.07
125.707     713.05     544.87     629.07
125.935     713.05     544.87     629.07
126.166     713.05     544.87     629.07
126.396     713.05     544.87     629.07
126.627     713.05     544.87     629.07
126.855     713.05     544.87     629.07
127.083     713.05     544.87     629.07
127.313     713.05     544.87     629.07
127.541     713.05     544.87     629.07
127.770     713.05     544.87     629.07
128.000     713.05     544.87     629.07
128.230     713.05     544.87     629.07
128.459     713.05     544.87     629.07
128.687     713.05     544.87     629.07
128.915     713.05     544.87     629.07
129.144     713.05     544.87     629.07
129.372     713.05     544.87     629.07
129.602     713.05     544.87     629.07
129.831     713.05     544.87     629.07
130.060     713.05     544.87     629.07
130.291     713.05     544.87     629.07
130.522     713.05     544.87     629.07
130.751     713.05     544.87     629.07
130.980     713.05     544.87     629.07
131.211     713.05     544.87     629.07
131.443     713.05     544.87     629.07
131.673     713.05     544.87     629.07
131.903     713.05     544.87     629.07
132.132     713.05     544.87     629.07
132.359     713.05     544.87     629.07
132.582     713.05     544.87     629.07
132.807     713.05     544.87     629.07
133.038     713.05     544.87     629.07
133.269     713.05     544.87     629.07
133.499     713.05     544.87     629.07
133.727     713.05     544.87     629.07
133.953     713.05     544.87     629.07
134.179     713.05     544.87     629.07
134.409     713.05     544.87     629.07
134.643     713.05     544.87     629.07
134.873     713.05     544.87     629.07
135.102     713.05     544.87     629.07
135.331     713.05     544.87     629.07
135.557     713.05     544.87     629.07
135.784     713.05     544.87     629.07
136.015     713.05     544.87     629.07
136.245     713.05     544.87     629.07
136.476     713.05     544.87     629.07
136.704     713.05     544.87     629.07
136.932     713.05     544.87     629.07
137.160     713.05     544.87     629.07
137.386     713.05     544.87     629.07
137.614     713.05     544.87     629.07
137.841     713.05     544.87     629.07
138.070     713.05     544.87     629.07
138.300     713.05     544.87     629.07
138.531     713.05     544.87     629.07
138.761     713.05     544.87     629.07
138.991     713.05     544.87     629.07
139.220     713.05     544.87     629.07
139.447     713.05     544.87     629.07
139.676     713.05     544.87     629.07
139.906     713.05     544.87     629.07
140.136     713.05     544.87     629.07
140.364     713.05     544.87     629.07
140.595     713.05     544.87     629.07
140.823     713.05     544.87     629.07
141.052     713.05     544.87     629.07
141.281     713.05     544.87     629.07
141.511     713.05     544.87     629.07
141.740     713.05     544.87     629.07
141.968     713.05     544.87     629.07
142.197     713.05     544.87     629.07
142.423     713.05     544.87     629.07
142.652     713.05     544.87     629.07
142.883     713.05     544.87     629.07
143.113     713.05     544.87     629.07
143.341     713.05     544.87     629.07
143.568     713.05     544.87     629.07
143.798     713.05     544.87     629.07
144.028     713.05     544.87     629.07
144.258     713.05     544.87     629.07
144.486     713.05     544.87     629.07
144.711     713.05     544.87     629.07
144.938     713.05     544.87     629.07
145.164     713.05     544.87     629.07
145.392     713.05     544.87     629.07
145.619     713.05     544.87     629.07
145.846     713.05     544.87     629.07
146.073     713.05     544.87     629.07
146.299     713.05     544.87     629.07
146.527     713.05     544.87     629.07
146.755     713.05     544.87     629.07
146.983     713.05     544.87     629.07
147.212     713.05     544.87     629.07
147.439     713.05     544.87     629.07
147.667     713.05     544.87     629.07
147.893     713.05     544.87     629.07
148.121     713.05     544.87     629.07
148.348     713.05     544.87     629.07
148.576     713.05     544.87     629.07
148.805     713.05     544.87     629.07
149.033     713.05     544.87     629.07
149.261     713.05     544.87     629.07
149.488     713.05     544.87     629.07
149.714     713.05     544.87     629.07
149.942     713.05     544.87     629.07
150.170     713.05     544.87     629.07
150.398     713.05     544.87     629.07
150.626     713.05     544.87     629.07
150.852     713.05     544.87     629.07
151.078     713.05     544.87     629.07
151.304     713.05     544.87     629.07
151.532     713.05     544.87     629.07
151.761     713.05     544.87     629.07
151.991     713.05     544.87     629.07
152.219     713.05     544.87     629.07
152.447     713.05     544.87     629.07
152.674     713.05     544.87     629.07
152.902     713.05     544.87     629.07
153.131     713.05     544.87     629.07
153.359     713.05     544.87     629.07
153.586     713.05     544.87     629.07
153.815     713.05     544.87     629.07
154.043     713.05     544.87     629.07
154.272     713.05     544.87     629.07
154.501     713.05     544.87     629.07
154.729     713.05     544.87     629.07
154.958     713.05     544.87     629.07
155.186     713.05     544.87     629.07
155.417     713.05     544.87     629.07
155.654     713.05     544.87     629.07
155.893     713.05     544.87     629.07
156.126     713.05     544.87     629.07
156.356     713.05     544.87     629.07
156.586     713.05     544.87     629.07
156.818     713.05     544.87     629.07
157.051     713.05     544.87     629.07
157.283     713.05     544.87     629.07
157.513     713.05     544.87     629.07
157.744     713.05     544.87     629.07
157.974     713.05     544.87     629.07
158.204     713.05     544.87     629.07
158.434     713.05     544.87     629.07
158.664     713.05     544.87     629.07
158.893     713.05     544.87     629.07
159.123     713.05     544.87     629.07
159.351     713.05     544.87     629.07
159.579     713.05     544.87     629.07
159.808     713.05     544.87     629.07
160.038     713.05     544.87     629.07
160.266     713.05     544.87     629.07
160.495     713.05     544.87     629.07
160.728     713.05     544.87     629.07
160.960     713.05     544.87     629.07
161.192     713.05     544.87     629.07
161.424     713.05     544.87     629.07
161.654     713.05     544.87     629.07
161.885     713.05     544.87     629.07
162.116     713.05     544.87     629.07
162.346     713.05     544.87     629.07
162.576     713.05     544.87     629.07
162.805     713.05     544.87     629.07
163.035     713.05     544.87     629.07
163.265     713.05     544.87     629.07
163.492     713.05     544.87     629.07
163.718     713.05     544.87     629.07
163.947     713.05     544.87     629.07
164.177     713.05     544.87     629.07
164.407     713.05     544.87     629.07
164.636     713.05     544.87     629.07
164.864     713.05     544.87     629.07
165.092     713.05     544.87     629.07
165.321     713.05     544.87     629.07
165.551     713.05     544.87     629.07
165.780     713.05     544.87     629.07
166.010     713.05     544.87     629.07
166.241     713.05     544.87     629.07
166.471     713.05     544.87     629.07
166.700     713.05     544.87     629.07
166.930     713.05     544.87     629.07
167.159     713.05     544.87     629.07
167.389     713.05     544.87     629.07
167.617     713.05     544.87     629.07
167.844     713.05     544.87     629.07
168.072     713.05     544.87     629.07
168.301     713.05     544.87     629.07
168.529     713.05     544.87     629.07
168.758     713.05     544.87     629.07
168.987     713.05     544.87     629.07
169.216     713.05     544.87     629.07
169.446     713.05     544.87     629.07
169.676     713.05     544.87     629.07
169.905     713.05     544.87     629.07
170.134     713.05     544.87     629.07
170.362     713.05     544.87     629.07
170.591     713.05     544.87     629.07
170.819     713.05     544.87     629.07
171.048     713.05     544.87     629.07
171.278     713.05     544.87     629.07
171.508     713.05     544.87     629.07
171.738     713.05     544.87     629.07
171.968     713.05     544.87     629.07
172.197     713.05     544.87     629.07
172.427     713.05     544.87     629.07
172.655     713.05     544.87     629.07
172.884     713.05     544.87     629.07
173.113     713.05     544.87     629.07
173.342     713.05     544.87     629.07
173.572     713.05     544.87     629.07
173.801     713.05     544.87     629.07
174.030     713.05     544.87     629.07
174.259     713.05     544.87     629.07
174.488     713.05     544.87     629.07
174.716     713.05     544.87     629.07
174.942     713.05     544.87     629.07
175.170     713.05     544.87     629.07
175.399     713.05     544.87     629.07
175.627     713.05     544.87     629.07
175.856     713.05     544.87     629.07
176.084     713.05     544.87     629.07
176.315     713.05     544.87     629.07
176.546     713.05     544.87     629.07
176.777     713.05     544.87     629.07
177.008     713.05     544.87     629.07
177.238     713.05     544.87     629.07
177.468     713.05     544.87     629.07
177.698     713.05     544.87     629.07
177.928     713.05     544.87     629.07
178.156     713.05     544.87     629.07
178.384     713.05     544.87     629.07
178.614     713.05     544.87     629.07
178.842     713.05     544.87     629.07
179.071     713.05     544.87     629.07
179.301     713.05     544.87     629.07
179.532     713.05     544.87     629.07
179.762     713.05     544.87     629.07
179.992     713.05     544.87     629.07
180.223     713.05     544.87     629.07
180.453     713.05     544.87     629.07
180.683     712.81     544.63     629.81
180.913     712.81     544.63     629.81
181.142     712.81     544.63     629.81
181.372     712.81     544.63     629.81
181.611     712.81     544.63     629.81
181.849     712.81     544.63     629.81
182.083     712.81     544.63     629.81
182.318     712.81     544.63     629.81
182.549     712.81     544.63     629.81
182.776     712.81     544.63     629.81
183.004     712.81     544.63     629.81
183.234     712.81     544.63     629.81
183.462     712.81     544.63     629.81
183.691     712.81     544.63     629.81
183.920     712.81     544.63     629.81
184.147     712.81     544.63     629.81
184.374     712.81     544.63     629.81
184.603     712.81     544.63     629.81
184.831     712.81     544.63     629.81
185.059     712.81     544.63     629.81
185.287     712.81     544.63     629.81
185.515     712.81     544.63     629.81
185.744     712.81     544.63     629.81
185.972     712.81     544.63     629.81
186.200     712.81     544.63     629.81
186.428     712.81     544.63     629.81
186.659     712.81     544.63     629.81
186.887     712.81     544.63     629.81
187.115     712.81     544.63     629.81
187.345     712.81     544.63     629.81
187.574     712.81     544.63     629.81
187.804     712.81     544.63     629.81
188.033     712.81     544.63     629.81
188.263     712.81     544.63     629.81
188.491     712.81     544.63     629.81
188.719     712.81     544.63     629.81
188.947     712.81     544.63     629.81
189.176     712.81     544.63     629.81
189.405     712.81     544.63     629.81
189.635     712.81     544.63     629.81
189.862     712.81     544.63     629.81
190.091     712.81     544.63     629.81
190.321     712.81     544.63     629.81
190.551     712.81     544.63     629.81
190.781     712.81     544.63     629.81
191.012     712.81     544.63     629.81
191.242     712.81     544.63     629.81
191.472     712.81     544.63     629.81
191.701     712.81     544.63     629.81
191.929     712.81     544.63     629.81
192.155     712.81     544.63     629.81
192.383     712.81     544.63     629.81
192.611     712.81     544.63     629.81
192.839     712.81     544.63     629.81
193.068     712.81     544.63     629.81
193.297     712.81     544.63     629.81
193.523     712.81     544.63     629.81
193.749     712.81     544.63     629.81
193.977     712.81     544.63     629.81
194.206     712.81     544.63     629.81
194.434     712.81     544.63     629.81
194.663     712.81     544.63     629.81
194.891     712.81     544.63     629.81
195.118     712.81     544.63     629.81
195.348     712.81     544.63     629.81
195.576     712.81     544.63     629.81
195.803     712.81     544.47     629.81
196.031     712.81     544.39     629.81
196.261     712.81     544.30     629.81
196.490     712.81     544.20     629.81
196.720     712.81     544.09     629.81
196.950     712.81     543.99     629.81
197.179     712.81     543.92     629.81
197.409     712.81     543.82     629.81
197.638     712.81     543.73     629.81
197.865     712.81     543.62     629.81
198.092     712.81     543.53     629.81
198.322     712.81     543.42     629.81
198.551     712.81     543.07     629.81
198.778     712.81     542.54     629.81
199.006     712.81     542.16     629.81
199.235     712.81     542.06     629.81
199.463     712.81     541.99     629.81
199.692     712.81     541.88     629.81
199.921     712.81     541.79     629.81
200.149     712.81     541.69     629.81
200.376     712.81     541.58     629.81
200.607     712.81     541.49     629.81
200.841     712.81     541.42     629.81
201.073     712.81     541.32     629.81
201.303     712.81     541.22     629.81
201.532     712.81     541.08     629.81
201.763     712.81     540.74     629.81
201.993     712.81     540.29     629.81
202.223     712.81     539.84     629.81
202.453     712.81     539.75     629.81
202.682     712.81     539.64     629.81
202.912     712.81     539.54     629.81
203.142     712.81     539.45     629.81
203.371     712.81     539.37     629.81
203.601     712.81     539.28     629.81
203.831     712.81     539.17     629.81
204.061     712.81     539.07     629.81
204.292     712.81     538.97     629.81
204.523     712.81     538.87     629.81
204.751     712.81     538.80     629.81
204.979     712.81     538.42     629.81
205.210     712.81     537.95     629.81
205.440     712.81     537.56     629.81
205.670     712.81     537.40     629.81
205.899     712.81     537.33     629.81
206.128     712.81     537.23     629.81
206.359     712.81     537.13     629.81
206.589     712.81     537.03     629.81
206.820     712.81     536.92     629.81
207.051     712.81     536.83     629.81
207.281     712.81     536.76     629.81
207.513     712.81     536.66     629.81
207.748     712.81     536.66     629.81
207.984     712.81     536.57     629.81
208.218     712.81     536.50     629.81
208.450     712.81     536.24     629.81
208.681     712.81     535.71     629.81
208.912     712.81     535.38     629.81
209.142     712.81     535.09     629.81
209.372     712.81     535.00     629.81
209.603     712.81     534.89     629.81
209.833     712.81     534.82     629.81
210.064     712.81     534.72     629.81
210.294     712.81     534.62     629.81
210.525     712.81     534.52     629.81
210.754     712.81     534.42     629.81
210.982     712.81     534.32     629.81
211.214     712.81     534.25     629.81
211.445     712.81     534.11     629.81
211.676     712.81     533.86     629.81
211.904     712.81     533.35     629.81
212.133     712.81     532.95     629.81
212.363     712.81     532.75     629.81
212.593     712.81     532.67     629.81
212.821     712.81     532.57     629.81
213.050     712.81     532.48     629.81
213.280     712.81     532.37     629.81
213.510     712.81     532.27     629.81
213.739     712.81     532.17     629.81
213.968     712.81     532.10     629.81
214.198     712.81     532.00     629.81
214.428     712.81     531.87     629.81
214.657     712.81     531.77     629.81
214.885     712.81     531.41     629.81
215.113     712.81     531.01     629.81
215.343     712.81     530.66     629.81
215.573     712.81     530.42     629.81
215.803     712.81     530.33     629.81
216.033     712.81     530.23     629.81
216.263     712.81     530.12     629.81
216.495     712.81     530.03     629.81
216.727     712.81     529.96     629.81
216.959     712.81     529.85     629.81
217.190     712.81     529.76     629.81
217.421     712.81     529.65     629.81
217.652     712.81     529.55     629.81
217.880     712.81     529.42     629.81
218.109     712.81     529.04     629.81
218.339     712.81     528.62     629.81
218.569     712.81     528.33     629.81
218.797     712.81     528.08     629.81
219.026     712.81     527.98     629.81
219.257     712.81     527.87     629.81
219.487     712.81     527.78     629.81
219.717     712.81     527.68     629.81
219.948     712.81     527.61     629.81
220.178     712.81     527.51     629.81
220.408     712.81     527.40     629.81
220.638     712.81     527.30     629.81
220.867     712.81     527.17     629.81
221.096     712.81     527.04     629.81
221.328     712.81     526.65     629.81
221.559     712.81     526.31     629.81
221.790     712.81     525.99     629.81
222.021     712.81     525.73     629.81
222.252     712.81     525.63     629.81
222.483     712.81     525.56     629.81
222.713     712.81     525.46     629.81
222.943     712.81     525.36     629.81
223.174     712.81     525.26     629.81
223.403     712.81     525.17     629.81
223.631     712.81     525.09     629.81
223.861     712.81     524.99     629.81
224.088     712.81     524.89     629.81
224.314     712.81     524.76     629.81
224.540     712.81     524.34     629.81
224.766     712.81     524.06     629.81
224.993     712.81     523.71     629.81
225.219     712.81     523.42     629.81
225.446     712.81     523.32     629.81
225.673     712.81     523.22     629.81
225.899     712.81     523.12     629.81
226.128     712.81     523.05     629.81
226.357     712.81     522.96     629.81
226.584     712.81     522.85     629.81
226.811     712.81     522.75     629.81
227.037     712.81     522.65     629.81
227.264     712.81     522.58     629.81
227.490     712.81     522.46     629.81
227.715     712.81     522.10     629.81
227.942     712.81     521.73     629.81
228.168     712.81     521.44     629.81
228.396     712.81     521.22     629.81
228.625     712.81     521.02     629.81
228.854     712.81     520.92     629.81
229.083     712.81     520.82     629.81
229.309     712.81     520.75     629.81
229.538     712.81     520.65     629.81
229.766     712.81     520.55     629.81
229.992     712.81     520.46     629.81
230.219     712.81     520.38     629.81
230.445     712.81     520.28     629.81
230.671     712.81     520.16     629.81
230.898     712.81     519.86     629.81
231.126     712.81     519.55     629.81
231.355     712.81     519.26     629.81
231.583     712.81     518.97     629.81
231.809     712.81     518.75     629.81
232.036     712.81     518.61     629.81
232.262     712.81     518.55     629.81
232.489     712.81     518.45     629.81
232.715     712.81     518.35     629.81
232.942     712.81     518.25     629.81
233.168     712.81     518.15     629.81
233.395     712.81     518.08     629.81
233.624     712.81     517.99     629.81
233.852     712.81     517.85     629.81
234.080     712.81     517.66     629.81
234.307     712.81     517.22     629.81
234.533     712.81     517.02     629.81
234.761     712.81     516.70     629.81
234.992     712.81     516.48     629.81
235.223     712.81     516.34     629.81
235.453     712.81     516.22     629.81
235.683     712.81     516.11     629.81
235.911     712.81     516.04     629.81
236.137     712.81     515.94     629.81
236.364     712.81     515.84     629.81
236.591     712.81     515.75     629.81
236.817     712.81     515.64     629.81
237.043     712.81     515.54     629.81
237.270     712.81     515.38     629.81
237.496     712.81     514.97     629.81
237.722     712.81     514.74     629.81
237.949     712.81     514.46     629.81
238.176     712.81     514.17     629.81
238.402     712.81     514.07     629.81
238.629     712.81     513.91     629.81
238.855     712.81     513.81     629.81
239.082     712.81     513.74     629.81
239.308     712.81     513.64     629.81
239.534     712.81     513.54     629.81
239.761     712.81     513.44     629.81
239.987     712.81     513.34     629.81
240.214     712.81     513.27     629.81
240.440     712.81     513.11     629.81
240.667     712.81     512.76     629.81
240.893     712.43     512.06     629.81
241.122     712.43     511.78     629.81
241.350     712.43     511.58     629.81
241.579     712.43     511.39     629.81
241.810     712.43     511.23     629.81
242.038     712.43     511.12     629.81
242.265     712.43     511.03     629.81
242.491     712.43     510.96     629.81
242.716     712.43     510.85     629.81
242.943     712.43     510.76     629.81
243.169     712.43     510.65     629.81
243.396     712.43     510.55     629.81
243.622     712.43     510.42     629.81
243.851     712.43     510.14     629.81
244.080     712.43     509.82     629.81
244.306     712.43     509.56     629.81
244.533     712.43     509.24     629.81
244.759     712.43     509.02     629.81
244.985     712.43     508.92     629.81
245.212     712.43     508.82     629.81
245.439     712.43     508.72     629.81
245.665     712.43     508.61     629.81
245.892     712.43     508.52     629.81
246.119     712.43     508.45     629.81
246.348     712.43     508.34     629.81
246.577     712.43     508.25     629.81
246.804     712.43     508.08     629.81
247.030     712.43     507.80     629.81
247.257     712.43     507.51     629.81
247.483     712.43     507.25     629.81
247.709     712.43     506.94     629.81
247.936     712.43     506.74     629.81
248.163     712.43     506.61     629.81
248.390     712.43     506.51     629.81
248.617     712.43     506.40     629.81
248.843     712.43     506.31     629.81
249.072     712.43     506.21     629.81
249.301     712.43     506.11     629.81
249.527     712.43     506.04     629.81
249.753     712.43     505.95     629.81
249.979     712.43     505.84     629.81
250.205     712.43     505.55     629.81
250.431     712.43     505.24     629.81
250.657     712.43     505.01     629.81
250.884     712.43     504.63     629.81
251.111     712.43     504.50     629.81
251.338     712.43     504.30     629.81
251.565     712.43     504.17     629.81
251.791     712.43     504.10     629.81
252.018     712.43     504.01     629.81
252.244     712.43     503.91     629.81
252.471     712.43     503.80     629.81
252.697     712.43     503.71     629.81
252.924     712.43     503.63     629.81
253.152     712.43     503.51     629.81
253.381     712.43     503.34     629.81
253.611     712.43     502.96     629.81
253.841     712.43     502.71     629.81
254.072     712.43     502.42     629.81
254.300     712.43     502.19     629.81
254.528     712.43     502.00     629.81
254.755     712.43     501.86     629.81
254.981     712.43     501.77     629.81
255.207     712.43     501.70     629.81
255.433     712.43     501.59     629.81
255.659     712.43     501.50     629.81
255.885     712.43     501.39     629.81
256.113     712.43     501.30     629.81
256.340     712.43     501.20     629.81
256.569     712.43     501.01     629.81
256.797     712.43     500.69     629.81
257.023     712.43     500.49     629.81
257.250     712.43     500.14     629.81
257.476     712.43     499.95     629.81
257.703     712.43     499.73     629.81
257.929     712.43     499.56     629.81
258.156     712.43     499.46     629.81
258.383     712.43     499.36     629.81
258.610     712.43     499.29     629.81
258.838     712.43     499.20     629.81
259.070     712.43     499.09     629.81
259.300     712.43     498.99     629.81
259.531     712.43     498.86     629.81
259.759     712.43     498.70     629.81
259.985     712.43     498.48     629.81
260.210     712.43     498.25     629.81
260.435     712.43     497.86     629.81
260.661     712.43     497.61     629.81
260.888     712.43     497.42     629.81
261.114     712.43     497.26     629.81
261.341     712.43     497.15     629.81
261.569     712.43     497.05     629.81
261.796     712.43     496.96     629.81
262.023     712.43     496.88     629.81
262.249     712.43     496.79     629.81
262.476     712.43     496.69     629.81
262.702     712.43     496.59     629.81
262.928     712.43     496.39     629.81
263.155     712.43     496.20     629.81
263.382     712.43     496.01     629.81
263.608     712.43     495.75     629.81
263.835     712.43     495.37     629.81
264.066     712.43     495.17     629.81
264.299     712.43     494.95     629.81
264.532     712.43     494.85     629.81
264.761     712.43     494.75     629.81
264.988     712.43     494.65     629.81
265.215     712.43     494.58     629.81
265.444     712.43     494.48     629.81
265.673     712.43     494.38     629.81
265.899     712.43     494.28     629.81
266.126     712.43     494.09     629.81
266.353     712.43     493.89     629.81
266.580     712.43     493.70     629.81
266.808     712.43     493.45     629.81
267.036     712.43     493.09     629.81
267.263     712.43     492.87     629.81
267.489     712.43     492.68     629.81
267.715     712.43     492.55     629.81
267.945     712.43     492.45     629.81
268.174     712.43     492.34     629.81
268.400     712.43     492.24     629.81
268.627     712.43     492.17     629.81
268.853     712.43     492.07     629.81
269.080     712.43     491.98     629.81
269.308     712.43     491.81     629.81
269.535     712.43     491.56     629.81
269.764     712.43     491.39     629.81
269.995     712.43     491.21     629.81
270.223     712.43     490.85     629.81
270.450     712.43     490.56     629.81
270.676     712.43     490.34     629.81
270.905     712.43     490.24     629.81
271.137     712.43     490.14     629.81
271.368     712.43     490.04     629.81
271.599     712.43     489.93     629.81
271.830     712.43     489.83     629.81
272.062     712.43     489.74     629.81
272.293     712.43     489.66     629.81
272.524     712.43     489.50     629.81
272.754     712.43     489.25     629.81
272.984     712.43     489.05     629.81
273.215     712.43     488.82     629.81
273.446     712.43     488.63     629.81
273.676     712.43     488.22     629.81
273.906     712.43     488.05     629.81
274.137     712.43     487.89     629.81
274.368     712.43     487.79     629.81
274.598     712.43     487.70     629.81
274.828     712.43     487.62     629.81
275.059     712.43     487.52     629.81
275.290     712.43     487.43     629.81
275.520     712.43     487.32     629.81
275.750     712.43     487.12     629.81
275.982     712.43     486.97     629.81
276.214     712.43     486.71     629.81
276.445     712.43     486.55     629.81
276.675     712.43     486.29     629.81
276.904     712.43     485.91     629.81
277.135     712.43     485.75     629.81
277.366     712.43     485.58     629.81
277.597     712.43     485.49     629.81
277.827     712.43     485.38     629.81
278.058     712.43     485.28     629.81
278.290     712.43     485.19     629.81
278.521     712.43     485.11     629.81
278.752     712.43     485.02     629.81
278.983     712.43     484.85     629.81
279.215     712.43     484.65     629.81
279.446     712.43     484.36     629.81
279.675     712.43     484.24     629.81
279.905     712.43     483.95     629.81
280.136     712.43     483.70     629.81
280.367     712.43     483.44     629.81
280.598     712.43     483.24     629.81
280.828     712.43     483.14     629.81
281.059     712.43     483.07     629.81
281.290     712.43     482.97     629.81
281.521     712.43     482.87     629.81
281.751     712.43     482.77     629.81
281.982     712.43     482.68     629.81
282.213     712.43     482.57     629.81
282.444     712.43     482.34     629.81
282.674     712.43     482.12     629.81
282.903     712.43     481.89     629.81
283.134     712.43     481.61     629.81
283.365     712.43     481.42     629.81
283.596     712.43     481.16     629.81
283.827     712.43     480.92     629.81
284.059     712.43     480.83     629.81
284.288     712.43     480.73     629.81
284.516     712.43     480.63     629.81
284.747     712.43     480.56     629.81
284.975     712.43     480.46     629.81
285.204     712.43     480.36     629.81
285.435     712.43     480.23     629.81
285.666     712.43     480.01     629.81
285.894     712.43     479.81     629.81
286.123     712.43     479.61     629.81
286.355     712.43     479.36     629.81
286.587     712.43     479.10     629.81
286.820     712.43     478.84     629.81
287.054     712.43     478.59     629.81
287.287     712.43     478.52     629.81
287.519     712.43     478.42     629.81
287.750     712.43     478.31     629.81
287.980     712.43     478.22     629.81
288.209     712.43     478.11     629.81
288.441     712.43     477.98     629.81
288.671     712.43     477.84     629.81
288.901     712.43     477.62     629.81
289.132     712.43     477.42     629.81
289.364     712.43     477.27     629.81
289.595     712.43     476.95     629.81
289.827     712.43     476.72     629.81
290.057     712.43     476.46     629.81
290.285     712.43     476.24     629.81
290.512     712.43     476.17     629.81
290.739     712.43     476.07     629.81
290.966     712.43     475.97     629.81
291.193     712.43     475.86     629.81
291.420     712.43     475.77     629.81
291.646     712.43     475.70     629.81
291.873     712.43     475.57     629.81
292.100     712.43     475.31     629.81
292.327     712.43     475.11     629.81
292.554     712.43     474.93     629.81
292.782     712.43     474.70     629.81
293.010     712.43     474.45     629.81
293.236     712.43     474.22     629.81
293.465     712.43     473.97     629.81
293.694     712.43     473.83     629.81
293.923     712.43     473.77     629.81
294.152     712.43     473.67     629.81
294.378     712.43     473.56     629.81
294.605     712.43     473.47     629.81
294.831     712.43     473.36     629.81
295.058     712.43     473.27     629.81
295.285     712.43     473.01     629.81
295.513     712.43     472.84     629.81
295.740     712.43     472.69     629.81
295.967     712.43     472.42     629.81
296.194     712.43     472.14     629.81
296.421     712.43     471.92     629.81
296.648     712.43     471.72     629.81
296.875     712.43     471.53     629.81
297.101     712.43     471.46     629.81
297.328     712.43     471.36     629.81
297.554     712.43     471.26     629.81
297.781     712.43     471.15     629.81
298.007     712.43     471.06     629.81
298.234     712.43     470.96     629.81
298.462     712.43     470.83     629.81
298.690     712.43     470.51     629.81
298.913     712.43     470.41     629.81
299.137     712.43     470.19     629.81
299.363     712.43     469.89     629.81
299.589     712.43     469.64     629.81
299.815     712.43     469.45     629.81
300.042     712.43     469.26     629.81
300.268     712.43     469.15     629.81
300.495     712.43     469.05     629.81
300.723     712.43     468.96     629.81
300.951     712.20     468.62     629.81
301.180     712.20     468.55     629.81
301.412     712.20     468.42     629.81
301.640     712.20     468.32     629.81
301.869     712.20     467.97     629.81
302.100     712.20     467.87     629.81
302.328     712.20     467.68     629.81
302.554     712.20     467.48     629.81
302.780     712.20     467.14     629.81
303.007     712.20     466.91     629.81
303.234     712.20     466.78     629.81
303.461     712.20     466.62     629.81
303.689     712.20     466.51     629.81
303.916     712.20     466.42     629.81
304.142     712.20     466.31     629.81
304.370     712.20     466.22     629.81
304.598     712.20     466.11     629.81
304.824     712.20     466.01     629.81
305.050     712.20     465.73     629.81
305.277     712.20     465.56     629.81
305.503     712.20     465.44     629.81
305.730     712.20     465.21     629.81
305.956     712.20     464.85     629.81
306.183     712.20     464.67     629.81
306.412     712.20     464.48     629.81
306.642     712.20     464.37     629.81
306.870     712.20     464.21     629.81
307.097     712.20     464.11     629.81
307.324     712.20     464.01     629.81
307.551     712.20     463.92     629.81
307.777     712.20     463.84     629.81
308.004     712.20     463.71     629.81
308.231     712.20     463.52     629.81
308.458     712.20     463.26     629.81
308.686     712.20     463.17     629.81
308.914     712.20     462.94     629.81
309.140     712.20     462.58     629.81
309.369     712.20     462.40     629.81
309.598     712.20     462.17     629.81
309.824     712.20     462.07     629.81
310.051     712.20     461.91     629.81
310.278     712.20     461.81     629.81
310.504     712.20     461.71     629.81
310.731     712.20     461.62     629.81
310.959     712.20     461.54     629.81
311.186     712.20     461.45     629.81
311.413     712.20     461.28     629.81
311.642     712.20     461.02     629.81
311.871     712.20     460.90     629.81
312.098     712.20     460.70     629.81
312.325     712.20     460.45     629.81
312.552     712.20     460.12     629.81
312.778     712.20     459.87     629.81
313.005     712.20     459.80     629.81
313.232     712.20     459.60     629.81
313.460     712.20     459.51     629.81
313.688     712.20     459.41     629.81
313.916     712.20     459.31     629.81
314.142     712.20     459.24     629.81
314.371     712.20     459.14     629.81
314.600     712.20     458.95     629.81
314.827     712.20     458.72     629.81
315.053     712.20     458.59     629.81
315.280     712.20     458.46     629.81
315.506     712.20     458.21     629.81
315.733     712.20     457.88     629.81
315.960     712.20     457.63     629.81
316.187     712.20     457.50     629.81
316.415     712.20     457.36     629.81
316.642     712.20     457.21     629.81
316.871     712.20     457.10     629.81
317.100     712.20     457.01     629.81
317.327     712.20     456.94     629.81
317.553     712.20     456.81     629.81
317.779     712.20     456.68     629.81
318.005     712.20     456.51     629.81
318.232     712.20     456.32     629.81
318.459     712.20     456.19     629.81
318.685     712.20     455.97     629.81
318.912     712.20     455.65     629.81
319.139     712.20     455.43     629.81
319.365     712.20     455.26     629.81
319.594     712.20     455.07     629.81
319.823     712.20     454.91     629.81
320.050     712.20     454.80     629.81
320.277     712.20     454.74     629.81
320.504     712.20     454.63     629.81
320.731     712.20     454.51     629.81
320.958     712.20     454.37     629.81
321.185     712.20     454.21     629.81
321.412     712.20     454.05     629.81
321.640     712.20     453.88     629.81
321.869     712.20     453.73     629.81
322.100     712.20     453.44     629.81
322.329     712.20     453.09     629.81
322.556     712.20     452.99     629.81
322.783     712.20     452.80     629.81
323.012     712.20     452.60     629.81
323.242     712.20     452.50     629.81
323.469     712.20     452.41     629.81
323.697     712.20     452.33     629.81
323.928     712.20     452.23     629.81
324.160     712.20     452.07     629.81
324.396     712.20     451.87     629.81
324.630     712.20     451.75     629.81
324.863     712.20     451.58     629.81
325.093     712.20     451.45     629.81
325.323     712.20     451.10     629.81
325.555     712.20     450.91     629.81
325.786     712.20     450.68     629.81
326.018     712.20     450.49     629.81
326.250     712.20     450.35     629.81
326.482     712.20     450.20     629.81
326.712     712.20     450.09     629.81
326.942     712.20     449.99     629.81
327.176     712.20     449.90     629.81
327.408     712.20     449.76     629.81
327.637     712.20     449.62     629.81
327.867     712.20     449.41     629.81
328.100     712.20     449.27     629.81
328.332     712.20     449.10     629.81
328.563     712.20     448.82     629.81
328.793     712.20     448.59     629.81
329.022     712.20     448.36     629.81
329.254     712.20     448.15     629.81
329.485     712.20     448.01     629.81
329.714     712.20     447.85     629.81
329.944     712.20     447.78     629.81
330.175     712.20     447.68     629.81
330.406     712.20     447.58     629.81
330.635     712.20     447.45     629.81
330.862     712.20     447.26     629.81
331.089     712.20     447.12     629.81
331.317     712.20     446.97     629.81
331.548     712.20     446.80     629.81
331.778     712.20     446.63     629.81
332.005     712.20     446.26     629.81
332.232     712.20     446.06     629.81
332.462     712.20     445.91     629.81
332.694     712.20     445.71     629.81
332.925     712.20     445.57     629.81
333.157     712.20     445.45     629.81
333.388     712.20     445.37     629.81
333.619     712.20     445.28     629.81
333.849     712.20     445.18     629.81
334.078     712.20     445.01     629.81
334.310     712.20     444.79     629.81
334.540     712.20     444.66     629.81
334.768     712.20     444.53     629.81
334.994     712.20     444.30     629.81
335.223     712.20     443.95     629.81
335.454     712.20     443.79     629.81
335.686     712.20     443.59     629.81
335.918     712.20     443.44     629.81
336.151     712.20     443.30     629.81
336.384     712.20     443.15     629.81
336.617     712.20     443.04     629.81
336.848     712.20     442.97     629.81
337.078     712.20     442.87     629.81
337.308     712.20     442.68     629.81
337.535     712.20     442.51     629.81
337.764     712.20     442.32     629.81
337.995     712.20     442.25     629.81
338.225     712.20     441.96     629.81
338.455     712.20     441.74     629.81
338.686     712.20     441.45     629.81
338.917     712.20     441.29     629.81
339.148     712.20     441.19     629.81
339.379     712.20     440.99     629.81
339.609     712.20     440.83     629.81
339.840     712.20     440.73     629.81
340.071     712.20     440.63     629.81
340.301     712.20     440.56     629.81
340.532     712.20     440.41     629.81
340.760     712.20     440.27     629.81
340.987     712.20     440.04     629.81
341.217     712.20     439.95     629.81
341.449     712.20     439.73     629.81
341.681     712.20     439.50     629.81
341.913     712.20     439.18     629.81
342.145     712.20     438.98     629.81
342.376     712.20     438.85     629.81
342.608     712.20     438.75     629.81
342.839     712.20     438.53     629.81
343.070     712.20     438.43     629.81
343.302     712.20     438.32     629.81
343.533     712.20     438.26     629.81
343.764     712.20     438.09     629.81
343.994     712.20     437.97     629.81
344.222     712.20     437.77     629.81
344.453     712.20     437.57     629.81
344.684     712.20     437.45     629.81
344.915     712.20     437.16     629.81
345.144     712.20     436.88     629.81
345.373     712.20     436.74     629.81
345.604     712.20     436.58     629.81
345.835     712.20     436.42     629.81
346.064     712.20     436.25     629.81
346.294     712.20     436.12     629.81
346.526     712.20     436.02     629.81
346.758     712.20     435.89     629.81
346.990     712.20     435.76     629.81
347.222     712.20     435.62     629.81
347.453     712.20     435.49     629.81
347.684     712.20     435.30     629.81
347.916     712.20     435.14     629.81
348.146     698.05     420.74     672.24
348.377     698.05     420.52     696.82
348.610     698.01     420.40     696.78
348.841     698.01     420.28     696.78
349.071     698.01     420.12     696.78
349.300     698.01     420.07     696.78
349.527     698.01     419.94     696.78
349.757     698.01     419.86     696.77
349.988     698.01     419.68     696.77
350.220     698.01     419.62     696.77
350.451     698.01     419.56     696.77
350.682     698.01     419.51     696.77
350.913     698.01     419.43     696.77
351.145     698.01     419.38     696.77
351.377     698.01     419.29     696.77
351.608     698.01     419.28     696.77
351.838     698.01     419.24     696.77
352.067     698.01     419.17     696.77
352.299     698.01     419.13     696.77
352.530     698.01     419.12     696.77
352.761     698.01     419.08     696.77
352.990     698.01     419.08     696.77
353.217     698.01     419.06     696.77
353.446     698.01     419.06     696.77
353.677     698.01     419.06     696.77
353.902     480.90     213.08     479.66
354.123     480.90     213.06     479.66
354.345     480.90     213.03     479.66
354.564     480.90     213.01     479.66
354.784     480.90     212.99     479.66
355.004     480.90     212.96     479.66
355.226     480.90     212.94     479.66
355.446     480.90     212.92     479.66
355.667     480.90     212.90     479.66
355.887     480.90     212.89     479.66
356.107     480.90     212.87     479.66
356.329     480.90     212.84     479.66
356.551     480.90     212.82     479.66
356.771     480.90     212.81     479.66
356.992     480.90     212.79     479.66
357.212     480.90     212.77     479.66
357.433     480.90     212.76     479.66
357.653     480.90     212.76     479.66
357.873     480.89     212.75     479.64
358.093     480.89     212.75     479.64
358.313     480.89     212.74     479.64
358.534     480.89     212.74     479.64
358.754     480.89     212.74     479.64
358.974     480.89     212.74     479.64
359.194     480.89     212.74     479.64
359.414     480.89     212.74     479.64
359.635     480.89     212.74     479.64
359.856     480.89     212.74     479.64
360.077     480.89     212.74     479.64
360.298     480.89     212.74     479.64
360.519     480.89     212.74     479.64
360.739     480.89     212.74     479.64
360.960     480.91     212.75     474.53
361.180     480.91     212.75     474.53
361.401     480.91     212.75     474.53
361.622     480.91     212.75     474.53
361.843     480.91     212.75     474.53
362.064     480.91     212.75     474.53
362.285     480.91     212.75     474.53
362.506     480.91     212.75     474.53
362.726     480.91     212.75     474.53
362.947     480.91     212.75     474.53
363.168     480.91     212.75     474.53
363.390     480.91     212.75     474.53
363.611     480.91     212.75     474.53
363.832     480.91     212.75     474.53
364.052     480.91     212.75     474.53
364.273     480.91     212.75     474.53
364.495     480.91     212.75     474.53
364.716     480.91     212.75     474.53
364.937     480.91     212.75     474.53
365.158     480.91     212.75     474.53
365.380     480.91     212.75     474.53
365.601     480.91     212.75     474.53
365.822     480.91     212.75     474.53
366.042     480.91     212.75     474.53
366.262     480.91     212.75     474.53
366.483     480.91     212.75     474.53
366.705     480.91     212.75     474.53
366.928     480.91     212.75     474.53
367.150     480.91     212.75     474.53
367.371     480.91     212.75     474.53
367.593     480.91     212.75     474.53
367.814     480.91     212.75     474.53
368.035     480.91     212.75     474.53
368.256     480.91     212.75     474.53
368.477     480.91     212.75     474.53
368.697     480.91     212.75     474.53
368.919     480.91     212.75     474.53
369.141     480.91     212.75     474.53
369.362     480.91     212.75     474.53
369.583     480.91     212.75     474.53
369.804     480.91     212.75     474.53
370.023     480.91     212.75     474.53
370.243     480.91     212.75     474.53
370.464     480.91     212.75     474.53
370.685     480.91     212.75     474.53
370.905     480.91     212.75     474.53
371.128     480.91     212.75     474.53
371.350     480.91     212.75     474.53
371.573     480.91     212.75     474.53
371.795     480.91     212.75     474.53
372.016     480.91     212.75     474.53
372.237     480.91     212.75     474.53
372.458     480.91     212.75     474.53
372.680     480.91     212.75     474.53
372.901     480.91     212.75     474.53
373.120     480.91     212.75     474.53
373.342     480.91     212.75     474.53
373.564     480.91     212.75     474.53
373.786     480.91     212.75     474.53
374.008     480.91     212.75     474.53
374.229     480.91     212.75     474.53
374.450     480.91     212.75     474.53
374.671     480.91     212.75     474.53
374.893     480.91     212.75     474.53
375.114     480.91     212.75     474.53
375.334     480.91     212.75     474.53
375.556     480.91     212.75     474.53
375.778     480.91     212.75     474.53
376.000     480.91     212.75     474.53
376.222     480.91     212.75     474.53
376.444     480.91     212.75     474.53
376.666     480.91     212.75     474.53
376.887     480.91     212.75     474.53
377.108     480.91     212.75     474.53
377.329     480.91     212.75     474.53
377.551     480.91     212.75     474.53
377.773     480.91     212.75     474.53
377.995     480.91     212.75     474.53
378.217     480.91     212.75     474.53
378.439     480.91     212.75     474.53
378.660     480.91     212.75     474.53
378.880     480.91     212.75     474.53
379.099     480.91     212.75     474.53
379.319     480.91     212.75     474.53
379.540     480.91     212.75     474.53
379.763     480.91     212.75     474.53
379.985     480.91     212.75     474.53
380.207     480.91     212.75     474.53
380.429     480.91     212.75     474.53
380.651     480.91     212.75     474.53
380.872     480.91     212.75     474.53
381.093     480.91     212.75     474.53
381.314     480.91     212.75     474.53
381.534     480.91     212.75     474.53
381.755     480.91     212.75     474.53
381.975     480.91     212.75     474.53
382.196     480.91     212.75     474.53
382.417     480.91     212.75     474.53
382.637     480.91     212.75     474.53
382.857     480.91     212.75     474.53
383.078     480.91     212.75     474.53
383.300     480.91     212.75     474.53
383.521     480.91     212.75     474.53
383.742     480.91     212.75     474.53
383.964     480.91     212.75     474.53
384.186     480.91     212.75     474.53
384.408     480.91     212.75     474.53
384.629     480.91     212.75     474.53
384.850     480.91     212.75     474.53
385.071     480.91     212.75     474.53
385.292     480.91     212.75     474.53
385.514     480.91     212.75     474.53
385.735     480.91     212.75     474.53
385.956     480.91     212.75     474.53
386.177     480.91     212.75     474.53
386.399     480.91     212.75     474.53
386.621     480.91     212.75     474.53
386.844     480.91     212.75     474.53
387.067     480.91     212.75     474.53
387.288     480.91     212.75     474.53
387.510     480.91     212.75     474.53
387.732     480.91     212.75     474.53
387.953     480.89     212.74     474.51
388.175     415.54     189.39     409.16
388.393     304.92     146.76     298.53
388.606     302.97     146.01     296.58
388.818     302.97     146.01     296.58
389.031     302.92     146.00     296.53
389.243     302.67     145.90     296.28
389.455     302.67     145.90     296.28
389.667     302.55     145.85     296.16
389.879     302.55     145.85     296.16
390.091     302.55     145.85     296.16
390.304     302.26     145.74     295.87
390.518     302.26     145.74     295.87
390.732     302.02     145.65     295.63
390.944     301.70     145.52     295.31
391.157     301.70     145.52     295.31
391.370     301.70     145.52     295.31
391.582     301.70     145.52     295.31
391.795     301.70     145.52     295.31
392.007     301.70     145.52     295.31
392.218     301.70     145.52     295.31
392.430     301.70     145.52     295.31
392.643     301.70     145.52     295.31
392.855     301.70     145.52     295.31
393.067     301.70     145.52     295.31
393.280     301.70     145.52     295.31
393.492     301.39     145.37     295.00
393.705     301.39     145.37     295.00
393.919     301.39     145.37     295.00
394.133     301.39     145.37     295.00
394.348     301.39     145.37     295.00
394.563     301.39     145.37     295.00
394.778     301.39     145.37     295.00
394.992     301.39     145.37     295.00
395.206     301.39     145.37     295.00
395.420     301.39     145.37     295.00
395.633     301.17     145.27     294.82
395.847     298.50     144.25     292.22
396.060     282.42     138.00     276.14
396.271     282.42     138.00     276.14
396.482     282.42     138.00     276.14
396.693     282.42     138.00     276.14
396.904     282.42     138.00     276.35
397.116     282.42     223.26     274.59
397.328     282.42     223.26     274.59
397.537     282.42     223.26     274.59
397.746     282.42     223.26     274.59
397.956     282.42     223.26     274.59
398.169     282.42     223.26     274.59
398.381     282.42     223.26     274.59
398.590     282.42     223.26     274.59
398.798     282.42     223.26     274.59
399.006     282.42     223.26     274.59
399.215     282.42     223.26     274.59
399.423     282.42     223.26     274.59
399.632     282.42     223.26     274.59
399.840     282.42     223.26     274.59
400.049     282.42     223.26     274.59
400.257     282.42     223.26     274.59
400.466     282.42     223.26     274.59
400.675     282.42     223.26     274.59
400.883     282.42     223.26     274.59
401.092     282.42     223.26     274.59
401.300     282.42     223.26     274.59
401.509     282.42     223.26     274.59
401.717     282.42     223.26     274.59
401.926     282.42     223.26     274.59
402.134     282.42     223.26     274.59
402.343     282.42     223.26     274.59
402.551     282.42     223.26     274.59
402.760     282.42     223.26     274.59
402.968     282.42     223.26     274.59
403.176     282.42     223.26     274.59
403.385     282.42     223.26     274.59
403.594     282.42     223.26     274.59
403.802     282.42     223.26     274.59
404.011     282.42     223.26     274.59
404.219     282.42     223.26     274.59
404.428     282.42     223.26     274.59
404.637     282.42     223.26     274.59
404.845     282.42     223.26     274.59
405.054     282.42     223.26     274.59
405.262     282.42     223.26     274.59
405.471     282.42     223.26     274.59
405.679     282.42     223.26     274.59
405.888     282.42     223.26     274.59
406.097     282.42     223.26     274.59
406.305     282.42     223.26     274.59
406.514     282.42     223.26     274.59
406.722     282.42     223.26     274.59
406.932     282.42     278.78     274.61
407.138       6.17       3.64       5.18
407.340       6.17       3.64       5.18
407.541       6.17       3.64       5.18
407.743       6.17       3.64       5.18
407.945       6.17       3.64       5.18
408.146       6.17       3.64       5.18
408.348       6.17       3.64       5.18
408.549       6.17       3.64       5.18
408.751       6.17       3.64       5.18
408.953       6.17       3.64       5.18
409.154       6.17       3.64       5.18
409.356       6.17       3.64       5.18
ERROR: can't open /proc/3144209/smaps: No such file or directory at /scratchNVME/pg-tpch/wss.pl line 226.
