Watching PID 3139995 page references grow, output every 0.2 seconds...
Est(s)     RSS(MB)    PSS(MB)    Ref(MB)
0.208       389.97     387.51     299.37
0.427       713.88     711.38     624.03
0.650       713.99     709.00     626.66
0.879       713.99     708.56     627.50
1.109       713.99     708.34     627.50
1.337       713.99     708.12     627.50
1.563       713.99     707.94     627.50
1.786       713.99     707.72     627.50
2.007       713.99     707.50     627.51
2.227       713.99     707.28     627.51
2.447       713.99     707.06     627.51
2.665       713.99     706.66     627.51
2.883       713.99     706.44     627.51
3.100       713.99     706.22     627.51
3.318       713.99     706.00     627.51
3.537       713.99     705.78     627.51
3.755       713.99     705.56     627.51
3.972       713.99     705.38     627.51
4.190       713.99     705.16     627.51
4.408       713.99     704.94     627.51
4.627       713.99     704.72     627.51
4.847       713.99     704.50     627.51
5.074       713.99     673.72     627.51
5.304       713.99     668.68     627.51
5.529       713.99     668.26     627.52
5.756       713.99     668.04     627.52
5.986       713.99     667.82     627.52
6.218       713.99     667.60     627.52
6.448       713.99     667.42     627.52
6.677       713.99     667.20     627.52
6.906       713.99     666.76     627.52
7.132       713.99     666.54     627.52
7.360       713.99     666.35     627.52
7.588       713.99     666.14     627.52
7.816       713.99     665.92     627.52
8.043       713.99     665.70     627.52
8.270       713.99     665.48     627.52
8.498       713.99     665.07     627.61
8.724       713.99     664.86     627.61
8.950       713.99     664.64     627.61
9.177       713.99     664.42     627.61
9.405       713.99     664.20     627.61
9.632       713.99     663.98     627.61
9.858       713.99     663.79     627.61
10.086      713.99     663.57     627.61
10.313      713.99     663.14     627.61
10.538      713.99     662.92     627.61
10.765      713.99     662.70     627.61
10.995      713.99     662.51     627.61
11.227      713.99     662.29     627.61
11.454      713.99     662.07     627.61
11.682      713.99     661.85     627.61
11.907      713.99     661.45     627.61
12.134      713.99     661.23     627.61
12.364      713.99     661.01     627.61
12.593      713.99     660.79     627.61
12.822      713.99     660.57     627.61
13.048      713.99     660.35     627.61
13.275      713.99     660.17     627.61
13.504      713.99     659.95     627.61
13.731      713.99     659.51     627.61
13.957      713.99     659.29     627.61
14.184      713.99     659.07     627.61
14.412      713.99     658.89     627.61
14.639      713.99     658.67     627.61
14.865      713.99     658.45     627.61
15.092      713.99     658.23     627.61
15.322      713.99     657.79     627.61
15.553      713.99     657.61     627.61
15.785      713.99     657.39     627.61
16.015      713.99     657.17     627.61
16.243      713.99     656.95     627.61
16.470      713.99     656.73     627.61
16.699      713.99     656.54     627.61
16.926      713.99     656.11     627.61
17.153      713.99     655.89     627.61
17.382      713.99     655.67     627.61
17.609      713.99     655.45     627.61
17.833      713.99     655.26     627.61
18.060      713.99     655.04     627.61
18.287      713.99     654.82     627.61
18.512      713.99     654.60     627.61
18.737      713.99     654.17     627.61
18.961      713.99     653.98     627.61
19.188      713.99     653.76     627.61
19.416      713.99     653.54     627.61
19.644      713.99     653.32     627.61
19.872      713.99     653.10     627.61
20.098      713.99     652.89     627.61
20.325      713.99     652.70     627.61
20.551      713.99     652.26     627.61
20.778      713.99     652.04     627.61
21.004      713.99     651.82     627.61
21.231      713.99     651.64     627.61
21.459      713.99     651.42     627.61
21.688      713.99     651.20     627.61
21.916      713.99     650.98     627.61
22.142      713.99     650.54     627.61
22.367      713.99     650.35     627.61
22.591      713.99     650.14     627.61
22.818      713.99     649.92     627.61
23.047      713.99     649.70     627.61
23.276      713.99     649.48     627.61
23.504      713.99     649.26     627.61
23.731      713.99     649.07     627.61
23.956      713.99     648.64     627.61
24.183      713.99     648.42     627.61
24.412      713.99     648.20     627.61
24.640      713.99     647.98     627.61
24.866      713.99     647.79     627.61
25.093      713.99     647.57     627.61
25.320      713.99     647.35     627.61
25.545      713.99     647.14     627.61
25.772      713.99     646.73     627.61
25.999      713.99     646.51     627.61
26.226      713.99     646.29     627.61
26.455      713.99     646.07     627.61
26.683      713.99     645.86     627.61
26.910      713.99     645.64     627.61
27.135      713.99     645.45     627.61
27.361      713.99     645.01     627.61
27.586      713.99     644.79     627.61
27.812      713.99     644.57     627.61
28.039      713.99     644.36     627.61
28.269      713.99     644.17     627.61
28.497      713.99     643.95     627.61
28.724      713.99     643.73     627.61
28.949      713.99     643.51     627.61
29.176      713.99     643.07     627.61
29.405      713.99     642.89     627.61
29.633      713.99     642.67     627.61
29.860      713.99     642.45     627.61
30.086      713.99     642.23     627.61
30.315      713.99     642.01     627.61
30.541      713.99     641.82     627.61
30.766      713.99     641.61     627.61
30.991      713.99     641.17     627.61
31.218      713.99     640.95     627.61
31.447      713.99     640.73     627.61
31.676      713.99     640.54     627.61
31.903      713.99     640.32     627.61
32.128      713.99     640.11     627.61
32.354      713.99     639.89     627.61
32.580      713.99     639.45     627.61
32.809      713.99     639.26     627.61
33.037      713.99     639.04     627.61
33.266      713.99     638.82     627.61
33.495      713.99     638.60     627.61
33.722      713.99     638.39     627.61
33.948      713.99     638.17     627.61
34.175      713.99     637.98     627.61
34.402      713.99     637.54     627.61
34.630      713.99     637.32     627.61
34.859      713.99     637.10     627.61
35.088      713.99     636.92     627.61
35.317      713.99     636.70     627.61
35.544      713.99     636.48     627.61
35.769      713.99     636.26     627.61
35.994      713.99     635.82     627.61
36.222      713.99     635.64     627.61
36.453      713.99     635.42     627.61
36.686      713.99     635.20     627.61
36.917      713.99     634.98     627.61
37.146      713.99     634.76     627.61
37.373      713.99     634.54     627.61
37.602      713.99     634.14     627.61
37.830      713.99     633.92     627.61
38.059      713.99     633.70     627.61
38.288      713.99     633.48     627.61
38.517      713.99     633.26     627.61
38.743      713.99     633.07     627.61
38.968      713.99     632.86     627.61
39.193      713.99     632.64     627.61
39.420      713.99     632.20     627.61
39.648      713.99     632.01     627.61
39.874      713.99     631.79     627.61
40.101      713.99     631.57     627.61
40.328      713.99     631.36     627.61
40.553      713.99     631.14     627.61
40.780      713.99     630.92     627.61
41.009      713.99     630.51     627.61
41.237      713.99     630.29     627.61
41.465      713.99     630.07     627.61
41.694      713.99     629.86     627.61
41.923      713.99     629.64     627.61
42.151      713.99     629.45     627.61
42.378      713.99     629.23     627.61
42.606      713.99     629.01     627.61
42.833      713.99     628.57     627.61
43.061      713.99     628.35     627.61
43.290      713.99     628.17     627.61
43.517      713.99     627.95     627.61
43.743      713.99     627.73     627.61
43.968      713.99     627.51     627.61
44.195      713.99     627.29     627.61
44.423      713.99     626.89     627.61
44.651      713.99     626.67     627.61
44.880      713.99     626.45     627.61
45.107      713.99     626.23     627.61
45.334      713.99     626.01     627.61
45.560      713.99     625.82     627.61
45.787      713.99     625.61     627.61
46.014      713.99     625.39     627.61
46.240      713.99     624.95     627.61
46.472      713.99     624.73     627.61
46.705      713.99     624.54     627.61
46.932      713.99     624.32     627.61
47.159      713.99     624.11     627.61
47.386      713.99     623.89     627.61
47.614      713.99     623.67     627.61
47.841      713.99     623.26     627.61
48.070      713.99     623.04     627.61
48.298      713.99     622.82     627.61
48.527      713.99     622.60     627.61
48.753      713.99     622.39     627.61
48.978      713.99     622.20     627.61
49.204      713.99     621.98     627.61
49.431      713.99     621.76     627.61
49.658      713.99     621.32     627.61
49.883      713.99     621.11     627.61
50.110      713.99     620.92     627.61
50.338      713.99     620.70     627.61
50.564      713.99     620.48     627.61
50.789      713.99     620.26     627.61
51.016      713.99     620.04     627.61
51.243      713.99     619.82     627.61
51.470      713.99     619.42     627.61
51.699      713.99     619.20     627.61
51.929      713.99     618.98     627.61
52.156      713.99     618.76     627.61
52.382      713.99     618.54     627.61
52.608      713.99     618.35     627.61
52.836      713.99     618.14     627.61
53.065      713.99     617.70     627.61
53.294      713.99     617.48     627.61
53.523      713.99     617.29     627.61
53.750      713.99     617.07     627.61
53.975      713.99     616.86     627.61
54.203      713.99     616.64     627.61
54.432      713.99     616.42     627.61
54.661      713.99     616.01     627.61
54.888      713.99     615.79     627.61
55.114      713.99     615.57     627.61
55.341      713.99     615.36     627.61
55.568      713.99     615.14     627.61
55.793      713.99     614.92     627.61
56.018      713.99     614.73     627.61
56.244      713.99     614.51     627.61
56.471      713.99     614.07     627.61
56.700      713.99     613.86     627.61
56.928      713.99     613.64     627.61
57.153      713.99     613.45     627.61
57.379      713.99     613.23     627.61
57.606      713.99     613.01     627.61
57.835      713.99     612.79     627.61
58.064      713.99     612.57     627.61
58.293      713.99     612.17     627.61
58.521      713.99     611.95     627.61
58.748      713.99     611.73     627.61
58.974      713.99     611.51     627.61
59.202      713.99     611.29     627.61
59.431      713.99     611.10     627.61
59.659      713.99     610.89     627.61
59.886      713.99     610.45     627.61
60.115      713.99     610.23     627.61
60.343      713.99     610.01     627.61
60.570      713.99     609.82     627.25
60.796      713.99     609.61     627.25
61.021      713.99     609.39     627.25
61.247      713.99     609.17     627.25
61.475      713.99     608.95     627.25
61.704      713.99     608.54     627.25
61.935      713.99     608.32     627.25
62.167      713.99     608.10     627.25
62.402      713.99     607.89     627.25
62.636      713.99     607.67     627.25
62.867      713.99     607.48     627.25
63.095      713.99     607.04     627.25
63.322      713.99     606.82     627.25
63.551      713.99     606.61     627.25
63.777      713.99     606.39     627.25
64.002      713.99     606.20     627.25
64.230      713.99     605.98     627.25
64.459      713.99     605.76     627.25
64.687      713.99     605.54     627.25
64.916      713.99     605.11     627.25
65.143      713.99     604.92     627.25
65.369      713.99     604.70     627.25
65.594      713.99     604.48     627.25
65.821      713.99     604.26     627.25
66.050      713.99     604.04     627.25
66.277      713.99     603.82     627.25
66.505      713.99     603.60     627.25
66.734      713.99     603.20     627.25
66.962      713.99     602.98     627.25
67.189      713.99     602.76     627.25
67.416      713.99     602.57     627.25
67.646      713.99     602.35     627.25
67.875      713.99     602.14     627.25
68.104      713.99     601.92     627.25
68.334      713.99     601.48     627.25
68.562      713.99     601.29     627.25
68.788      713.99     601.07     627.25
69.013      713.99     600.85     627.25
69.240      713.99     600.64     627.25
69.468      713.99     600.42     627.25
69.697      713.99     600.20     627.25
69.921      713.99     599.79     627.25
70.147      713.99     599.57     627.25
70.375      713.99     599.36     627.25
70.600      713.99     599.14     627.25
70.827      713.99     598.92     627.25
71.056      713.99     598.73     627.25
71.286      713.99     598.51     627.25
71.518      713.99     598.29     627.25
71.749      713.99     597.86     627.25
71.975      713.99     597.67     627.25
72.200      713.99     597.45     627.25
72.428      713.99     597.23     627.25
72.658      713.99     597.01     627.25
72.887      713.99     596.79     627.25
73.115      713.99     596.57     627.25
73.343      713.99     596.17     627.25
73.571      713.99     595.95     627.25
73.797      713.99     595.73     627.25
74.023      713.99     595.51     627.25
74.249      713.99     595.29     627.25
74.477      713.99     595.11     627.25
74.706      713.99     594.89     627.25
74.935      713.99     594.67     627.25
75.165      713.99     594.23     627.25
75.393      713.99     594.01     627.25
75.618      713.99     593.82     627.25
75.846      713.99     593.60     627.25
76.074      713.99     593.39     627.25
76.302      713.99     593.17     627.25
76.532      713.99     592.95     627.25
76.759      713.99     592.54     627.25
76.985      713.99     592.32     627.25
77.213      713.99     592.10     627.25
77.441      713.99     591.89     627.25
77.668      713.99     591.67     627.25
77.898      713.99     591.48     627.25
78.125      713.99     591.26     627.25
78.353      713.99     590.82     627.25
78.581      713.99     590.61     627.25
78.806      713.99     590.39     627.25
79.034      713.99     590.20     627.25
79.262      713.99     589.98     627.25
79.490      713.99     589.76     627.25
79.719      713.99     589.54     627.25
79.948      713.99     589.32     627.25
80.176      713.99     588.92     627.25
80.403      713.99     588.70     627.25
80.628      713.99     588.48     627.25
80.856      713.99     588.26     627.25
81.084      713.99     588.04     627.25
81.311      713.99     587.85     627.25
81.541      713.99     587.64     627.25
81.770      713.99     587.20     627.25
81.998      713.99     586.98     627.25
82.226      713.99     586.76     627.25
82.456      713.99     586.57     627.25
82.684      713.99     586.36     627.25
82.911      713.99     586.14     627.25
83.140      713.99     585.92     627.25
83.370      713.99     585.48     627.25
83.597      713.99     585.29     627.25
83.825      713.99     585.07     627.25
84.052      713.99     584.86     627.25
84.278      713.99     584.64     627.25
84.505      713.99     584.42     627.25
84.734      713.99     584.20     627.25
84.962      713.99     584.01     627.25
85.188      713.99     583.57     627.25
85.414      713.99     583.35     627.25
85.641      713.99     583.14     627.25
85.868      713.99     582.95     627.25
86.096      713.99     582.73     627.25
86.327      713.99     582.51     627.25
86.556      713.99     582.29     627.25
86.785      713.99     581.86     627.25
87.011      713.99     581.67     627.25
87.239      713.99     581.45     627.25
87.469      713.99     581.23     627.25
87.698      713.99     581.01     627.25
87.927      713.99     580.79     627.25
88.160      713.99     580.57     627.25
88.395      713.99     580.17     627.25
88.625      713.99     579.95     627.25
88.853      713.99     579.73     627.25
89.084      713.99     579.51     627.25
89.314      713.99     579.29     627.25
89.545      713.99     579.11     627.25
89.774      713.99     578.89     627.25
90.002      713.99     578.45     627.25
90.228      713.99     578.23     627.25
90.456      713.99     578.04     627.25
90.686      713.99     577.82     627.25
90.913      713.99     577.61     627.25
91.142      713.99     577.39     627.25
91.372      713.99     577.17     627.25
91.600      713.99     576.76     627.25
91.826      713.99     576.54     627.25
92.053      713.99     576.32     627.25
92.281      713.99     576.11     627.25
92.511      713.99     575.89     627.25
92.740      713.99     575.67     627.25
92.967      713.99     575.48     627.25
93.193      713.99     575.26     627.25
93.420      713.99     574.82     627.25
93.648      713.99     574.60     627.25
93.875      713.99     574.39     627.25
94.103      713.99     574.20     627.25
94.334      713.99     573.98     627.25
94.564      713.99     573.76     627.25
94.792      713.99     573.54     627.25
95.019      713.99     573.14     627.25
95.246      713.99     572.92     627.25
95.476      713.99     572.70     627.25
95.705      713.99     572.48     627.25
95.935      713.99     572.26     627.25
96.166      713.99     572.04     627.25
96.395      713.99     571.85     627.25
96.621      713.99     571.42     627.25
96.849      713.99     571.20     627.25
97.079      713.99     570.98     627.25
97.310      713.99     570.76     627.25
97.539      713.99     570.57     627.25
97.767      713.99     570.36     627.25
97.994      713.99     570.14     627.25
98.221      713.99     569.92     627.25
98.449      713.99     569.48     627.25
98.679      713.99     569.29     627.25
98.909      713.99     569.07     627.25
99.137      713.99     568.86     627.25
99.365      713.99     568.64     627.25
99.594      713.99     568.42     627.25
99.821      713.99     568.23     627.25
100.050     713.99     567.79     627.25
100.280     713.99     567.57     627.25
100.510     713.99     567.36     627.25
100.740     713.99     567.14     627.25
100.970     713.99     566.95     627.25
101.199     713.99     566.73     627.25
101.426     713.99     566.51     627.25
101.654     713.99     566.07     627.25
101.884     713.99     565.85     627.25
102.113     713.99     565.67     627.25
102.341     713.99     565.45     627.25
102.571     713.99     565.23     627.25
102.800     713.99     565.01     627.25
103.027     713.99     564.79     627.25
103.252     713.99     564.39     627.25
103.480     713.99     564.17     627.25
103.709     713.99     563.95     627.25
103.939     713.99     563.73     627.25
104.170     713.99     563.51     627.25
104.399     713.99     563.32     627.25
104.626     713.99     563.11     627.25
104.852     713.99     562.67     627.25
105.080     713.99     562.45     627.25
105.310     713.99     562.23     627.25
105.540     713.99     562.04     627.25
105.768     713.99     561.82     627.25
105.996     713.99     561.61     627.25
106.224     713.99     561.39     627.25
106.453     713.99     561.17     627.25
106.683     713.99     560.76     627.25
106.913     713.99     560.54     627.25
107.141     713.99     560.32     627.25
107.369     713.99     560.11     627.25
107.599     713.99     559.89     627.25
107.826     713.99     559.67     627.25
108.054     713.99     559.48     627.25
108.284     713.99     559.04     627.25
108.514     713.99     558.82     627.25
108.743     713.99     558.60     627.25
108.973     713.99     558.39     627.25
109.205     713.99     558.20     627.25
109.438     713.99     557.98     627.25
109.666     713.99     557.76     627.25
109.894     713.99     557.32     627.25
110.124     713.99     557.14     627.25
110.353     713.99     556.92     627.25
110.583     713.99     556.70     627.25
110.811     713.99     556.48     627.25
111.037     713.99     556.26     627.25
111.264     713.99     556.04     627.25
111.492     713.99     555.64     627.25
111.723     713.99     555.42     627.25
111.953     713.99     555.20     627.25
112.185     713.99     554.98     627.25
112.414     713.99     554.76     627.25
112.640     713.99     554.57     627.25
112.867     713.99     554.36     627.25
113.097     713.99     553.92     627.25
113.328     713.99     553.70     627.25
113.558     713.99     553.48     627.25
113.787     713.99     553.29     627.25
114.015     713.99     553.07     627.25
114.241     713.99     552.86     627.25
114.467     713.99     552.64     627.25
114.695     713.99     552.23     627.25
114.926     713.99     552.01     627.25
115.156     713.99     551.79     627.25
115.385     713.99     551.57     627.25
115.611     713.99     551.36     627.25
115.837     713.99     551.14     627.25
116.063     713.99     550.95     627.25
116.290     713.99     550.73     627.25
116.519     713.99     550.29     627.25
116.747     713.99     550.07     627.25
116.974     713.99     549.86     627.25
117.200     713.99     549.67     627.25
117.426     713.99     549.45     627.25
117.652     713.99     549.23     627.25
117.878     713.99     549.01     627.25
118.106     713.99     548.57     627.25
118.337     713.99     548.39     627.25
118.567     713.99     548.17     627.25
118.797     713.99     547.95     627.25
119.025     713.99     547.73     627.25
119.251     713.99     547.51     627.25
119.477     713.99     547.32     627.25
119.704     713.99     547.11     627.25
119.934     713.99     546.67     627.25
120.162     713.99     546.45     627.25
120.390     713.99     546.23     627.25
120.619     713.99     546.04     627.67
120.846     713.99     545.82     627.67
121.072     713.99     545.82     627.67
121.300     713.99     545.82     627.67
121.531     713.99     545.82     627.67
121.759     713.99     545.82     627.67
121.987     713.99     545.82     627.67
122.217     713.99     545.82     627.67
122.444     713.99     545.82     627.67
122.671     713.99     545.82     627.67
122.899     713.99     545.82     627.67
123.126     713.99     545.82     627.67
123.355     713.99     545.82     627.67
123.585     713.99     545.82     627.67
123.815     713.99     545.82     627.67
124.042     713.99     545.82     627.67
124.268     713.99     545.82     627.67
124.496     713.99     545.82     627.67
124.727     713.99     545.82     627.67
124.955     713.99     545.82     627.67
125.183     713.99     545.82     627.67
125.414     713.99     545.82     627.67
125.641     713.99     545.82     627.67
125.866     713.99     545.82     627.67
126.090     713.99     545.82     627.67
126.319     713.99     545.82     627.67
126.548     713.99     545.82     627.67
126.777     713.99     545.82     627.67
127.005     713.99     545.82     627.67
127.231     713.99     545.82     627.67
127.458     713.99     545.82     627.67
127.684     713.99     545.82     627.67
127.912     713.99     545.82     627.67
128.140     713.99     545.82     627.67
128.368     713.99     545.82     627.67
128.598     713.99     545.82     627.67
128.826     713.99     545.82     627.67
129.053     713.99     545.82     627.67
129.281     713.99     545.82     627.67
129.511     713.99     545.82     627.67
129.741     713.99     545.82     627.67
129.969     713.99     545.82     627.67
130.197     713.99     545.82     627.67
130.427     713.99     545.82     627.67
130.654     713.99     545.82     627.67
130.882     713.99     545.82     627.67
131.111     713.99     545.82     627.67
131.341     713.99     545.82     627.67
131.571     713.99     545.82     627.67
131.801     713.99     545.82     627.67
132.030     713.99     545.82     627.67
132.257     713.99     545.82     627.67
132.485     713.99     545.82     627.67
132.716     713.99     545.82     627.67
132.946     713.99     545.82     627.67
133.177     713.99     545.82     627.67
133.408     713.99     545.82     627.67
133.637     713.99     545.82     627.67
133.863     713.99     545.82     627.67
134.091     713.99     545.82     627.67
134.322     713.99     545.82     627.67
134.552     713.99     545.82     627.67
134.782     713.99     545.82     627.67
135.011     713.99     545.82     627.67
135.241     713.99     545.82     627.67
135.473     713.99     545.82     627.67
135.707     713.99     545.82     627.67
135.939     713.99     545.82     627.67
136.170     713.99     545.82     627.67
136.402     713.99     545.82     627.67
136.631     713.99     545.82     627.67
136.858     713.99     545.82     627.67
137.086     713.99     545.82     627.67
137.315     713.99     545.82     627.67
137.543     713.99     545.82     627.67
137.769     713.99     545.82     627.67
137.997     713.99     545.82     627.67
138.223     713.99     545.82     627.67
138.447     713.99     545.82     627.67
138.673     713.99     545.82     627.67
138.901     713.99     545.82     627.67
139.130     713.99     545.82     627.67
139.358     713.99     545.82     627.67
139.584     713.99     545.82     627.67
139.812     713.99     545.82     627.67
140.041     713.99     545.82     627.67
140.268     713.99     545.82     627.67
140.496     713.99     545.82     627.67
140.726     713.99     545.82     627.67
140.954     713.99     545.82     627.67
141.182     713.99     545.82     627.67
141.411     713.99     545.82     627.67
141.638     713.99     545.82     627.67
141.865     713.99     545.82     627.67
142.091     713.99     545.82     627.67
142.320     713.99     545.82     627.67
142.548     713.99     545.82     627.67
142.774     713.99     545.82     627.67
143.000     713.99     545.82     627.67
143.228     713.99     545.82     627.67
143.456     713.99     545.82     627.67
143.682     713.99     545.82     627.67
143.909     713.99     545.82     627.67
144.138     713.99     545.82     627.67
144.366     713.99     545.82     627.67
144.596     713.99     545.82     627.67
144.826     713.99     545.82     627.67
145.054     713.99     545.82     627.67
145.280     713.99     545.82     627.67
145.509     713.99     545.82     627.67
145.739     713.99     545.82     627.67
145.969     713.99     545.82     627.67
146.201     713.99     545.82     627.67
146.430     713.99     545.82     627.67
146.657     713.99     545.82     627.67
146.884     713.99     545.82     627.67
147.112     713.99     545.82     627.67
147.343     713.99     545.82     627.67
147.573     713.99     545.82     627.67
147.803     713.99     545.82     627.67
148.034     713.99     545.82     627.67
148.263     713.99     545.82     627.67
148.492     713.99     545.82     627.67
148.722     713.99     545.82     627.67
148.951     713.99     545.82     627.67
149.181     713.99     545.82     627.67
149.411     713.99     545.82     627.67
149.638     713.99     545.82     627.67
149.864     713.99     545.82     627.67
150.091     713.99     545.82     627.67
150.319     713.99     545.82     627.67
150.550     713.99     545.82     627.67
150.777     713.99     545.82     627.67
151.002     713.99     545.82     627.67
151.229     713.99     545.82     627.67
151.458     713.99     545.82     627.67
151.684     713.99     545.82     627.67
151.912     713.99     545.82     627.67
152.141     713.99     545.82     627.67
152.369     713.99     545.82     627.67
152.599     713.99     545.82     627.67
152.829     713.99     545.82     627.67
153.058     713.99     545.82     627.67
153.284     713.99     545.82     627.67
153.512     713.99     545.82     627.67
153.742     713.99     545.82     627.67
153.971     713.99     545.82     627.67
154.200     713.99     545.82     627.67
154.430     713.99     545.82     627.67
154.659     713.99     545.82     627.67
154.888     713.99     545.82     627.67
155.117     713.99     545.82     627.67
155.348     713.99     545.82     627.67
155.579     713.99     545.82     627.67
155.808     713.99     545.82     627.67
156.039     713.99     545.82     627.67
156.268     713.99     545.82     627.67
156.495     713.99     545.82     627.67
156.723     713.99     545.82     627.67
156.953     713.99     545.82     627.67
157.183     713.99     545.82     627.67
157.413     713.99     545.82     627.67
157.643     713.99     545.82     627.67
157.870     713.99     545.82     627.67
158.096     713.99     545.82     627.67
158.324     713.99     545.82     627.67
158.554     713.99     545.82     627.67
158.783     713.99     545.82     627.67
159.012     713.99     545.82     627.67
159.242     713.99     545.82     627.67
159.470     713.99     545.82     627.67
159.695     713.99     545.82     627.67
159.923     713.99     545.82     627.67
160.153     713.99     545.82     627.67
160.384     713.99     545.82     627.67
160.613     713.99     545.82     627.67
160.843     713.99     545.82     627.67
161.071     713.99     545.82     627.67
161.298     713.99     545.82     627.67
161.532     713.99     545.82     627.67
161.766     713.99     545.82     627.67
161.997     713.99     545.82     627.67
162.229     713.99     545.82     627.67
162.461     713.99     545.82     627.67
162.690     713.99     545.82     627.67
162.918     713.99     545.82     627.67
163.148     713.99     545.82     627.67
163.378     713.99     545.82     627.67
163.608     713.99     545.82     627.67
163.837     713.99     545.82     627.67
164.067     713.99     545.82     627.67
164.295     713.99     545.82     627.67
164.523     713.99     545.82     627.67
164.752     713.99     545.82     627.67
164.982     713.99     545.82     627.67
165.212     713.99     545.82     627.67
165.442     713.99     545.82     627.67
165.671     713.99     545.82     627.67
165.897     713.99     545.82     627.67
166.126     713.99     545.82     627.67
166.357     713.99     545.82     627.67
166.587     713.99     545.82     627.67
166.819     713.99     545.82     627.67
167.051     713.99     545.82     627.67
167.281     713.99     545.82     627.67
167.508     713.99     545.82     627.67
167.734     713.99     545.82     627.67
167.962     713.99     545.82     627.67
168.193     713.99     545.82     627.67
168.423     713.99     545.82     627.67
168.653     713.99     545.82     627.67
168.881     713.99     545.82     627.67
169.107     713.99     545.82     627.67
169.335     713.99     545.82     627.67
169.565     713.99     545.82     627.67
169.795     713.99     545.82     627.67
170.025     713.99     545.82     627.67
170.256     713.99     545.82     627.67
170.484     713.99     545.82     627.67
170.711     713.99     545.82     627.67
170.939     713.99     545.82     627.67
171.170     713.99     545.82     627.67
171.400     713.99     545.82     627.67
171.630     713.99     545.82     627.67
171.860     713.99     545.82     627.67
172.088     713.99     545.82     627.67
172.315     713.99     545.82     627.67
172.543     713.99     545.82     627.67
172.771     713.99     545.82     627.67
172.999     713.99     545.82     627.67
173.228     713.99     545.82     627.67
173.458     713.99     545.82     627.67
173.686     713.99     545.82     627.67
173.911     713.99     545.82     627.67
174.139     713.99     545.82     627.67
174.370     713.99     545.82     627.67
174.599     713.99     545.82     627.67
174.828     713.99     545.82     627.67
175.058     713.99     545.82     627.67
175.287     713.99     545.82     627.67
175.514     713.99     545.82     627.67
175.742     713.99     545.82     627.67
175.972     713.99     545.82     627.67
176.203     713.99     545.82     627.67
176.433     713.99     545.82     627.67
176.663     713.99     545.82     627.67
176.891     713.99     545.82     627.67
177.117     713.99     545.82     627.67
177.346     713.99     545.82     627.67
177.576     713.99     545.82     627.67
177.805     713.99     545.82     627.67
178.035     713.99     545.82     627.67
178.265     713.99     545.82     627.67
178.492     713.99     545.82     627.67
178.718     713.99     545.82     627.67
178.945     713.99     545.82     627.67
179.175     713.99     545.82     627.67
179.405     713.99     545.82     627.67
179.635     713.99     545.82     627.67
179.864     713.99     545.82     627.67
180.092     713.99     545.82     627.67
180.318     713.99     545.82     627.67
180.546     713.99     545.82     627.67
180.774     713.99     545.82     628.43
181.002     713.99     545.82     628.43
181.232     713.99     545.82     628.43
181.463     713.99     545.82     628.43
181.693     713.99     545.82     628.43
181.920     713.99     545.82     628.43
182.148     713.99     545.82     628.43
182.380     713.99     545.82     628.43
182.610     713.99     545.82     628.43
182.840     713.99     545.82     628.43
183.069     713.99     545.82     628.43
183.298     713.99     545.82     628.43
183.527     713.99     545.82     628.43
183.758     713.99     545.82     628.43
183.987     713.99     545.82     628.43
184.216     713.99     545.82     628.43
184.444     713.99     545.82     628.43
184.672     713.99     545.82     628.43
184.899     713.99     545.82     628.43
185.125     713.99     545.82     628.43
185.353     713.99     545.82     628.43
185.584     713.99     545.82     628.43
185.814     713.99     545.82     628.43
186.044     713.99     545.82     628.43
186.273     713.99     545.82     628.43
186.500     713.99     545.82     628.43
186.726     713.99     545.82     628.43
186.955     713.99     545.82     628.43
187.185     713.99     545.82     628.43
187.416     713.99     545.82     628.43
187.649     713.99     545.82     628.43
187.883     713.99     545.82     628.43
188.113     713.99     545.82     628.43
188.344     713.99     545.82     628.43
188.575     713.99     545.82     628.43
188.804     713.99     545.82     628.43
189.033     713.99     545.82     628.43
189.263     713.99     545.82     628.43
189.492     713.99     545.82     628.43
189.718     713.99     545.82     628.43
189.946     713.99     545.82     628.43
190.174     713.99     545.82     628.43
190.403     713.99     545.82     628.43
190.633     713.99     545.82     628.43
190.862     713.99     545.82     628.43
191.091     713.99     545.82     628.43
191.317     713.99     545.82     628.43
191.546     713.99     545.82     628.43
191.775     713.99     545.82     628.43
192.002     713.99     545.82     628.43
192.230     713.99     545.82     628.43
192.461     713.99     545.82     628.43
192.688     713.99     545.82     628.43
192.914     713.99     545.82     628.43
193.142     713.99     545.82     628.43
193.372     713.99     545.82     628.43
193.601     713.99     545.82     628.43
193.830     713.99     545.82     628.43
194.059     713.99     545.82     628.43
194.287     713.99     545.82     628.43
194.513     713.99     545.82     628.43
194.741     713.99     545.82     628.43
194.972     713.99     545.82     628.43
195.202     713.99     545.82     628.43
195.430     713.99     545.82     628.43
195.657     713.99     545.82     628.43
195.886     713.99     545.82     628.43
196.114     713.99     545.82     628.43
196.340     713.99     545.82     628.43
196.568     713.99     545.82     628.43
196.799     713.99     545.82     628.43
197.030     713.99     545.82     628.43
197.261     713.99     545.82     628.43
197.492     713.99     545.82     628.43
197.720     713.99     545.82     628.43
197.947     713.99     545.82     628.43
198.176     713.99     545.82     628.43
198.406     713.99     545.82     628.43
198.637     713.99     545.82     628.43
198.867     713.99     545.82     628.43
199.096     713.99     545.82     628.43
199.322     713.99     545.82     628.43
199.548     713.99     545.82     628.43
199.774     713.99     545.82     628.43
200.000     713.99     545.82     628.43
200.229     713.99     545.82     628.43
200.459     713.99     545.77     628.43
200.690     713.99     545.66     628.43
200.917     713.99     545.57     628.43
201.143     713.99     545.50     628.43
201.371     713.99     545.40     628.43
201.601     713.99     545.30     628.43
201.830     713.99     545.19     628.43
202.060     713.99     545.10     628.43
202.288     713.99     545.03     628.43
202.514     713.99     544.86     628.43
202.740     713.99     544.29     628.43
202.965     713.99     543.79     628.43
203.193     713.99     543.62     628.43
203.423     713.99     543.56     628.43
203.652     713.99     543.45     628.43
203.881     713.99     543.35     628.43
204.108     713.99     543.26     628.43
204.333     713.99     543.15     628.43
204.561     713.99     543.05     628.43
204.788     713.99     542.99     628.43
205.016     713.99     542.88     628.43
205.246     713.99     542.79     628.43
205.476     713.99     542.68     628.43
205.704     713.99     542.48     628.43
205.931     713.99     542.08     628.43
206.157     713.99     541.60     628.43
206.385     713.99     541.32     628.43
206.615     713.99     541.21     628.43
206.843     713.99     541.15     628.43
207.072     713.99     541.05     628.43
207.303     713.99     540.95     628.43
207.531     713.99     540.85     628.43
207.759     713.99     540.75     628.43
207.988     713.99     540.65     628.43
208.216     713.99     540.58     628.43
208.446     713.99     540.49     628.43
208.676     713.99     540.38     628.43
208.906     713.99     540.25     628.43
209.133     713.99     539.90     628.43
209.362     713.99     539.42     628.43
209.592     713.99     539.05     628.43
209.822     713.99     538.91     628.43
210.052     713.99     538.82     628.43
210.281     713.99     538.75     628.43
210.508     713.99     538.64     628.43
210.735     713.99     538.55     628.43
210.963     713.99     538.44     628.43
211.192     713.99     538.34     628.43
211.421     713.99     538.28     628.43
211.652     713.99     538.17     628.43
211.882     713.99     538.08     628.43
212.111     713.99     537.98     628.43
212.340     713.99     537.53     628.43
212.570     713.99     537.21     628.43
212.800     713.99     536.80     628.43
213.030     713.99     536.60     628.43
213.260     713.99     536.51     628.43
213.491     713.99     536.44     628.43
213.724     713.99     536.40     628.43
213.958     713.99     536.35     628.43
214.189     713.99     536.25     628.43
214.420     713.99     536.18     628.43
214.652     713.99     536.08     628.43
214.886     713.99     535.99     628.43
215.117     713.99     535.88     628.43
215.347     713.99     535.82     628.43
215.579     713.99     535.68     628.43
215.810     713.99     535.53     628.43
216.041     713.99     535.08     628.43
216.271     713.99     534.76     628.43
216.502     713.99     534.35     628.43
216.733     713.99     534.25     628.43
216.964     713.99     534.15     628.43
217.195     713.99     534.05     628.43
217.426     713.99     533.94     628.43
217.656     713.99     533.85     628.43
217.886     713.99     533.78     628.43
218.115     713.99     533.67     628.43
218.344     713.99     533.58     628.43
218.575     713.99     533.48     628.43
218.805     713.99     533.35     628.43
219.035     713.99     533.25     628.43
219.265     713.99     532.89     628.43
219.496     713.99     532.42     628.43
219.726     713.99     532.07     628.43
219.956     713.99     531.90     628.43
220.187     713.99     531.84     628.43
220.418     713.99     531.74     628.43
220.648     713.99     531.64     628.43
220.878     713.99     531.54     628.43
221.108     713.99     531.43     628.43
221.338     713.99     531.37     628.43
221.568     713.99     531.27     628.43
221.799     713.99     531.16     628.43
222.030     713.99     531.07     628.43
222.262     713.99     530.91     628.43
222.492     713.99     530.62     628.43
222.723     713.99     530.14     628.43
222.953     713.99     529.85     628.43
223.183     713.99     529.60     628.43
223.414     713.99     529.50     628.43
223.645     713.99     529.40     628.43
223.875     713.99     529.33     628.43
224.105     713.99     529.22     628.43
224.335     713.99     529.12     628.43
224.565     713.99     529.03     628.43
224.793     713.99     528.92     628.43
225.021     713.99     528.82     628.43
225.251     713.99     528.76     628.43
225.482     713.99     528.56     628.43
225.713     713.99     528.25     628.43
225.943     713.99     527.89     628.43
226.174     713.99     527.57     628.43
226.406     713.99     527.29     628.43
226.637     690.20     503.43     687.16
226.869     690.16     503.41     687.12
227.100     690.16     503.37     687.12
227.331     690.16     503.33     687.12
227.562     690.16     503.31     687.12
227.791     690.16     503.30     687.12
228.020     690.16     503.29     687.12
228.252     690.16     503.28     687.12
228.483     690.16     503.27     687.12
228.713     690.16     503.27     687.12
228.943     690.16     503.27     687.12
229.166     331.77     160.47     328.73
229.381     331.77     160.47     328.73
229.596     331.77     160.47     328.73
229.810     331.77     160.47     328.73
230.023     331.77     160.47     328.73
230.237     331.77     160.47     328.73
230.451     331.77     160.47     328.73
230.665     331.77     160.47     328.73
230.879     331.77     160.47     328.73
231.093     331.77     160.47     328.73
231.308     331.77     160.47     328.73
231.522     331.77     160.47     328.73
231.736     331.77     160.47     328.73
231.950     331.77     160.47     328.73
232.164     331.77     160.47     328.73
232.379     331.77     160.47     328.73
232.593     331.77     160.47     328.73
232.806     331.77     160.47     328.73
233.019     331.77     160.47     328.73
233.233     331.77     160.47     328.73
233.447     331.77     160.47     328.73
233.661     331.77     160.47     328.73
233.874     331.77     160.47     328.73
234.088     331.77     160.47     328.73
234.302     331.77     160.47     328.73
234.515     331.77     160.47     328.73
234.729     331.77     160.47     328.73
234.942     331.77     160.47     328.73
235.155     331.77     160.47     328.73
235.371     331.77     160.47     328.73
235.588     331.77     160.47     328.73
235.803     331.77     160.47     328.73
236.018     331.77     160.47     328.73
236.233     331.77     160.47     328.73
236.449     331.77     160.47     328.71
236.664     331.77     160.47     328.71
236.878     331.77     160.47     328.71
237.093     331.77     160.47     328.71
237.309     331.75     160.47     328.69
237.523     331.48     160.36     328.42
237.738     331.48     160.36     328.42
237.953     331.48     160.36     328.42
238.167     331.48     160.36     328.42
238.382     331.48     160.36     328.64
238.597     331.52     207.99     326.09
238.811     331.52     207.99     326.09
239.022     331.52     207.99     326.09
239.232     331.52     207.99     326.09
239.446     331.52     207.99     326.09
239.663     331.52     207.99     326.09
239.878     331.52     207.99     326.09
240.089     331.52     207.99     326.09
240.299     331.52     207.99     326.09
240.509     331.52     207.99     326.09
240.719     331.53     207.98     326.68
240.930     331.53     207.98     326.68
241.140     331.53     207.98     326.68
241.350     331.53     207.98     326.68
241.560     331.53     207.98     326.68
241.770     331.53     207.98     326.68
241.980     331.53     207.98     326.68
242.190     331.53     207.98     326.68
242.400     331.53     207.98     326.68
242.610     331.53     207.98     326.68
242.820     331.53     207.98     326.68
243.030     331.53     207.98     326.68
243.240     331.53     207.98     326.68
243.450     331.53     207.98     326.68
243.660     331.53     207.98     326.68
243.870     331.53     207.98     326.68
244.080     331.53     207.98     326.68
244.290     331.53     207.98     326.68
244.500     331.53     207.98     326.68
244.710     331.53     207.98     326.68
244.920     331.53     207.98     326.68
245.130     331.53     207.98     326.68
245.339     331.53     207.98     326.68
245.549     331.53     207.98     326.68
245.759     331.53     207.98     326.68
245.969     331.53     207.98     326.68
246.179     331.53     207.98     326.68
246.390     331.53     207.98     326.68
246.600     331.53     207.98     326.68
246.810     331.53     207.98     326.68
247.020     331.53     207.98     326.68
247.230     331.53     207.98     326.68
247.440     331.53     207.98     326.68
247.650     331.53     207.98     326.68
247.860     331.53     207.98     326.68
248.069     331.53     207.98     326.68
248.279     331.53     207.98     326.68
248.493     331.54     302.20     326.72
248.702       6.09       3.63       5.04
248.903       6.09       3.63       5.04
249.105       6.09       3.63       5.04
249.307       6.09       3.63       5.04
ERROR: can't open /proc/3139995/smaps: No such file or directory at /scratchNVME/pg-tpch/wss.pl line 226.
