Watching PID 2216082 page references grow, output every 0.2 seconds...
Est(s)     RSS(MB)    PSS(MB)    Ref(MB)
0.208       396.70     394.13     308.42
0.427       714.21     710.51     627.88
0.648       714.21     708.82     629.44
0.875       714.21     708.60     629.44
1.101       714.21     708.38     629.44
1.323       714.21     708.17     630.06
1.543       714.21     707.95     630.06
1.763       714.21     707.73     630.06
1.984       714.21     707.54     630.06
2.204       714.21     707.32     630.06
2.423       714.21     707.10     630.06
2.646       714.21     706.88     630.34
2.872       714.21     706.44     630.34
3.094       714.21     706.26     630.34
3.313       714.21     706.04     630.34
3.531       714.21     705.82     630.34
3.756       714.21     705.60     630.34
3.984       714.21     705.38     630.34
4.205       714.21     705.20     630.34
4.424       714.21     704.98     630.34
4.643       714.21     704.76     630.34
4.864       714.21     704.32     630.34
5.086       714.21     683.38     630.34
5.308       714.21     670.34     630.34
5.526       714.21     669.56     630.34
5.743       714.21     669.23     630.34
5.960       714.21     668.89     630.34
6.177       714.21     668.42     630.34
6.395       714.21     667.41     630.34
6.612       714.21     667.03     630.34
6.830       714.21     666.72     630.34
7.050       714.21     666.39     630.34
7.269       714.21     666.08     630.34
7.486       714.21     665.58     630.34
7.710       714.21     665.29     630.34
7.936       714.21     664.96     630.34
8.154       714.21     664.64     630.34
8.371       714.21     664.32     630.34
8.588       714.21     664.00     630.34
8.810       714.21     663.71     630.34
9.033       714.21     663.36     630.34
9.251       714.21     662.83     630.34
9.468       714.21     662.04     630.34
9.685       714.21     661.25     630.34
9.902       714.21     660.97     630.34
10.119      714.21     660.68     630.34
10.337      714.21     660.36     630.34
10.554      714.21     660.04     630.34
10.773      714.21     659.76     630.34
10.991      714.21     659.43     630.34
11.209      714.21     659.15     630.34
11.427      714.21     658.83     630.34
11.644      714.21     658.55     630.34
11.862      714.21     658.24     630.34
12.080      714.21     657.88     630.34
12.297      714.21     657.22     630.34
12.514      714.21     656.52     630.34
12.732      714.21     655.83     630.34
12.950      714.21     655.48     630.34
13.168      714.21     655.12     630.34
13.385      714.21     654.82     630.34
13.602      714.21     654.54     630.34
13.820      714.21     654.23     630.34
14.038      714.21     653.90     630.34
14.257      714.21     653.59     630.34
14.474      714.21     653.30     630.34
14.692      714.21     653.01     630.34
14.910      714.21     652.47     630.34
15.128      714.21     652.12     630.34
15.345      714.21     651.68     630.34
15.562      714.21     651.03     630.34
15.780      714.21     650.47     630.34
15.998      714.21     649.99     630.34
16.216      714.21     649.67     630.34
16.434      714.21     649.35     630.34
16.651      714.21     649.03     630.34
16.869      714.21     648.75     630.34
17.088      714.21     648.46     630.34
17.305      714.21     648.15     630.34
17.522      714.21     647.65     630.34
17.740      714.21     647.34     630.34
17.958      714.21     647.08     630.34
18.175      714.21     646.76     630.34
18.393      714.21     646.37     630.34
18.611      714.21     645.90     630.34
18.829      714.21     645.30     630.34
19.049      714.21     644.54     630.34
19.268      714.21     644.18     630.34
19.486      714.21     643.87     630.34
19.704      714.21     643.55     630.34
19.922      714.21     643.22     630.34
20.139      714.21     642.68     630.34
20.356      714.21     642.43     630.34
20.573      714.21     642.10     630.34
20.791      714.21     641.79     630.34
21.011      714.21     641.46     630.34
21.230      714.21     641.18     630.34
21.448      714.21     640.84     630.34
21.667      714.21     640.36     630.34
21.886      714.21     639.70     630.34
22.104      714.21     639.04     630.34
22.321      714.21     638.68     630.34
22.538      714.21     638.15     630.34
22.756      714.21     637.83     630.34
22.974      714.21     637.50     630.34
23.192      714.21     637.18     630.34
23.409      714.21     636.90     630.34
23.626      714.21     636.58     630.34
23.844      714.21     636.30     630.34
24.062      714.21     635.96     630.34
24.280      714.21     635.65     630.34
24.497      714.21     635.26     630.34
24.714      714.21     634.73     630.34
24.934      714.21     633.96     630.34
25.155      714.21     633.17     630.34
25.372      714.21     632.81     630.34
25.589      714.21     632.51     630.34
25.807      714.21     632.20     630.34
26.025      714.21     631.88     630.34
26.246      714.21     631.59     630.34
26.467      714.21     631.28     630.34
26.685      714.21     630.95     630.34
26.903      714.21     630.66     630.34
27.121      714.21     630.35     630.34
27.339      714.21     630.06     630.34
27.557      714.21     629.43     630.34
27.778      714.21     628.84     630.34
27.997      714.21     628.08     630.34
28.214      714.21     627.63     630.34
28.431      714.21     627.31     630.34
28.649      714.21     626.98     630.34
28.867      714.21     626.71     630.34
29.085      714.21     626.39     630.34
29.302      714.21     626.07     630.34
29.519      714.21     625.74     630.34
29.737      714.21     625.50     630.34
29.955      714.21     625.18     630.34
30.174      714.21     624.64     630.34
30.392      714.21     624.32     630.34
30.609      714.21     623.91     630.34
30.826      714.21     623.40     630.34
31.045      714.21     622.68     630.34
31.263      714.21     622.17     630.34
31.481      714.21     621.80     630.34
31.698      714.21     621.50     630.34
31.916      714.21     621.19     630.34
32.134      714.21     620.91     630.34
32.351      714.21     620.58     630.34
32.568      714.21     620.25     630.34
32.787      714.21     619.71     630.34
33.005      714.21     619.43     630.34
33.223      714.21     619.14     630.34
33.440      714.21     618.83     630.34
33.657      714.21     618.47     630.34
33.875      714.21     617.94     630.34
34.092      714.21     617.32     630.34
34.314      714.21     616.79     630.41
34.538      714.21     616.40     630.41
34.757      714.21     616.03     630.41
34.977      714.21     615.70     630.41
35.196      714.21     615.20     630.41
35.417      714.21     614.88     630.41
35.637      714.21     614.59     630.41
35.856      714.21     614.28     630.41
36.074      714.21     613.95     630.41
36.293      714.21     613.63     630.41
36.511      714.21     613.31     630.41
36.729      714.21     613.06     630.41
36.947      714.21     612.62     630.41
37.166      714.21     611.95     630.41
37.384      714.21     611.39     630.41
37.602      714.21     610.66     630.41
37.820      714.21     610.37     630.41
38.039      714.21     610.00     630.41
38.257      714.21     609.68     630.41
38.474      714.21     609.39     630.41
38.692      714.21     609.07     630.41
38.910      714.21     608.79     630.41
39.128      714.21     608.50     630.41
39.346      714.21     608.15     630.41
39.563      714.21     607.82     630.41
39.781      714.21     607.43     630.41
40.000      714.21     607.01     630.41
40.218      714.21     606.23     630.41
40.436      714.21     605.64     630.41
40.653      714.21     605.13     630.41
40.871      714.21     604.82     630.41
41.091      714.21     604.42     630.41
41.310      714.21     604.14     630.41
41.529      714.21     603.85     630.41
41.747      714.21     603.52     630.41
41.966      714.21     603.21     630.41
42.185      714.21     602.89     630.41
42.403      714.21     602.60     630.41
42.621      714.21     602.11     630.41
42.839      714.21     601.80     630.41
43.058      714.21     601.41     630.41
43.277      714.21     600.73     630.41
43.495      714.21     600.10     630.41
43.713      714.21     599.59     630.41
43.931      714.21     599.21     630.41
44.149      714.21     598.92     630.41
44.366      714.21     598.61     630.41
44.583      714.21     598.33     630.41
44.802      714.21     598.04     630.41
45.020      714.21     597.72     630.41
45.238      714.21     597.18     630.41
45.456      714.21     596.81     630.41
45.674      714.21     596.38     630.41
45.893      714.21     595.74     630.41
46.111      714.21     594.97     630.41
46.330      714.21     594.38     630.41
46.548      714.21     593.96     630.41
46.766      714.21     593.59     630.41
46.984      714.21     593.25     630.41
47.203      714.21     592.87     630.41
47.421      714.21     592.50     630.41
47.639      714.21     591.85     630.41
47.857      714.21     591.17     630.41
48.076      714.21     590.33     630.41
48.294      713.95     589.59     630.44
48.511      713.95     589.23     630.44
48.729      713.95     588.90     630.44
48.947      713.95     588.56     630.44
49.166      713.95     588.19     630.44
49.383      713.95     587.90     630.44
49.601      713.95     587.53     630.44
49.819      711.05     584.04     630.44
50.037      711.05     583.42     630.44
50.253      711.05     582.51     630.44
50.470      711.05     582.08     630.44
50.687      711.05     581.66     630.44
50.905      711.05     581.29     630.44
51.124      711.05     580.91     630.44
51.342      711.05     580.59     630.44
51.560      711.05     580.25     630.44
51.778      711.05     579.82     630.44
51.998      711.05     579.13     630.44
52.217      711.05     578.42     630.44
52.434      711.05     577.83     630.44
52.652      711.05     577.43     630.44
52.871      711.05     576.86     630.44
53.089      711.05     576.49     630.44
53.307      711.05     576.07     630.44
53.524      711.05     575.71     630.44
53.742      711.05     575.20     630.44
53.960      709.38     572.75     630.43
54.178      709.38     572.14     630.43
54.396      709.38     571.68     630.43
54.613      709.38     571.23     630.43
54.832      709.38     570.91     630.43
55.051      709.38     570.53     630.43
55.270      709.38     569.97     630.43
55.487      709.38     569.60     630.43
55.705      709.38     569.11     630.43
55.926      709.38     568.49     630.43
56.147      709.38     567.77     630.43
56.365      709.38     567.17     630.43
56.583      709.38     566.81     630.43
56.802      709.38     566.48     630.43
57.019      709.38     566.15     630.43
57.235      709.38     565.78     630.43
57.453      709.25     565.33     630.43
57.671      709.25     564.99     630.43
57.889      709.25     564.14     630.43
58.107      709.25     563.49     630.43
58.325      709.25     562.88     630.43
58.543      709.25     562.39     630.43
58.761      709.25     562.03     630.43
58.980      709.25     561.66     630.43
59.199      709.25     561.27     630.43
59.417      709.25     560.91     630.43
59.634      709.25     560.54     630.43
59.853      709.25     560.08     630.43
60.071      709.25     559.33     630.43
60.289      709.13     558.45     630.43
60.507      709.13     557.89     630.43
60.725      708.55     556.91     629.88
60.945      708.55     556.53     629.88
61.165      708.55     556.16     629.88
61.384      707.43     554.66     629.88
61.603      698.14     545.05     633.59
61.822      698.14     544.76     647.92
62.042      698.14     544.44     660.67
62.261      698.14     544.00     674.63
62.479      698.14     543.47     690.21
62.698      698.14     542.71     695.70
62.918      698.14     542.27     695.70
63.137      698.14     541.82     695.70
63.356      698.14     541.44     695.70
63.574      698.14     541.12     695.70
63.794      698.14     540.80     695.70
64.013      698.14     540.49     695.70
64.232      698.14     540.17     695.70
64.451      698.14     539.87     695.70
64.670      698.14     539.59     695.70
64.889      698.14     539.27     695.70
65.110      698.14     538.74     695.70
65.332      698.14     538.32     695.70
65.550      698.14     537.85     695.70
65.770      698.14     537.41     695.70
65.991      698.14     536.78     695.70
66.211      698.14     536.30     695.70
66.431      698.14     535.92     695.70
66.649      698.14     535.59     695.70
66.869      698.14     535.28     695.70
67.090      698.14     534.99     695.70
67.309      698.14     534.68     695.70
67.528      698.14     534.14     695.70
67.747      698.14     533.89     695.70
67.966      698.14     533.56     695.70
68.185      698.14     533.25     695.70
68.404      698.14     532.87     695.70
68.623      698.14     532.46     695.70
68.843      698.14     531.93     695.70
69.063      698.14     531.39     695.70
69.282      698.14     530.98     695.70
69.501      698.14     530.54     695.70
69.720      698.14     530.19     695.70
69.939      698.14     529.62     695.70
70.158      698.14     529.34     695.70
70.377      698.14     529.02     695.70
70.595      698.14     528.71     695.70
70.814      698.14     528.42     695.70
71.034      698.14     528.09     695.70
71.254      698.14     527.81     695.70
71.473      698.14     527.49     695.70
71.693      698.14     527.14     695.70
71.912      698.14     526.64     695.70
72.132      698.14     526.17     695.70
72.351      698.14     525.42     695.70
72.570      698.14     525.03     695.70
72.790      698.14     524.56     695.70
73.009      698.14     524.15     695.70
73.229      698.14     523.83     695.70
73.448      698.14     523.54     695.70
73.667      698.14     523.26     695.70
73.887      698.14     522.95     695.70
74.107      698.14     522.66     695.70
74.326      698.14     522.33     695.70
74.544      698.14     522.02     695.70
74.764      698.14     521.52     695.70
74.984      698.14     521.14     695.70
75.203      698.14     520.56     695.70
75.422      698.14     520.06     695.70
75.641      698.14     519.55     695.70
75.860      698.14     519.18     695.70
76.081      698.14     518.77     695.70
76.301      698.14     518.42     695.70
76.521      698.14     518.07     695.70
76.739      698.14     517.78     695.70
76.960      698.14     517.28     695.70
77.180      698.14     516.96     695.70
77.399      698.14     516.65     695.70
77.618      698.14     516.35     695.70
77.838      698.14     516.04     695.70
78.058      698.14     515.77     695.70
78.277      698.14     515.52     695.70
78.496      698.14     515.03     695.70
78.716      698.14     514.59     695.70
78.936      698.14     514.23     695.70
79.155      698.14     513.79     695.70
79.375      698.14     513.21     695.70
79.594      698.14     512.83     695.70
79.814      698.14     512.47     695.70
80.033      698.14     512.12     695.70
80.253      698.14     511.76     695.70
80.472      698.14     511.51     695.70
80.692      698.14     511.24     695.70
80.912      698.14     510.96     695.70
81.132      698.14     510.66     695.70
81.353      698.14     510.38     695.70
81.576      698.14     509.92     695.70
81.800      698.14     509.64     695.70
82.024      698.14     509.33     695.70
82.247      698.14     509.05     695.70
82.465      698.14     508.78     695.70
82.684      698.14     508.47     695.70
82.903      698.14     508.20     695.70
83.123      698.14     507.67     695.70
83.342      698.01     507.22     695.57
83.561      698.01     506.89     695.57
83.781      698.01     506.48     695.57
84.001      698.01     505.83     695.57
84.221      698.01     505.46     695.57
84.440      698.01     505.09     695.57
84.659      698.01     504.78     695.57
84.879      698.01     504.45     695.57
85.099      698.01     504.20     695.57
85.318      698.01     503.93     695.57
85.537      698.01     503.66     695.57
85.756      698.01     503.38     695.57
85.976      698.01     503.08     695.57
86.195      698.01     502.61     695.57
86.415      698.01     502.34     695.57
86.635      698.01     502.05     695.57
86.856      698.01     501.75     695.57
87.077      698.01     501.47     695.57
87.297      698.01     501.17     695.57
87.516      698.01     500.83     695.57
87.736      698.01     500.43     695.57
87.956      698.01     499.97     695.57
88.175      698.01     499.60     695.57
88.395      698.01     499.20     695.57
88.614      698.01     498.64     695.57
88.834      698.01     498.21     695.57
89.054      698.01     497.84     695.57
89.274      698.01     497.56     695.57
89.493      698.01     497.26     695.57
89.712      698.01     496.98     695.57
89.932      698.01     496.68     695.57
90.152      698.01     496.40     695.57
90.371      698.01     496.13     695.57
90.591      698.01     495.86     695.57
90.810      698.01     495.58     695.57
91.030      698.01     495.12     695.57
91.251      698.01     494.81     695.57
91.471      698.01     494.53     695.57
91.691      698.01     494.26     695.57
91.911      698.01     493.98     695.57
92.133      698.01     493.62     695.57
92.353      698.01     493.22     695.57
92.572      698.01     492.78     695.57
92.792      698.01     492.45     695.57
93.012      698.01     492.19     695.57
93.232      698.01     491.78     695.57
93.451      698.01     491.57     695.57
93.670      698.01     491.35     695.57
93.892      698.01     491.13     695.57
94.114      698.01     490.91     695.57
94.334      698.01     490.72     695.57
94.553      698.01     490.50     695.57
94.773      698.01     490.28     695.57
94.993      698.01     490.07     695.57
95.213      698.01     489.85     695.57
95.433      698.01     489.44     695.57
95.652      698.01     489.22     695.57
95.872      698.01     489.00     695.57
96.092      698.01     488.78     695.57
96.313      698.01     488.57     695.57
96.533      698.01     488.35     695.57
96.752      698.01     488.16     695.57
96.973      698.01     487.94     695.57
97.194      698.01     487.72     695.57
97.418      698.01     487.50     695.57
97.645      698.01     487.10     695.57
97.870      698.01     502.80     696.36
98.094      698.01     502.59     696.36
98.315      698.01     588.99     670.98
98.534      698.01     588.77     670.98
98.756      698.01     588.55     670.98
98.981      698.01     588.37     670.98
99.209      698.01     588.15     670.98
99.433      698.01     587.93     670.98
99.655      698.01     587.49     670.98
99.880      698.01     587.27     670.98
100.110     698.01     587.09     670.98
100.341     698.01     586.87     670.98
100.566     698.01     586.65     670.98
100.789     698.01     586.43     670.98
101.014     698.01     586.21     670.98
101.239     698.01     585.99     670.98
101.461     698.01     585.59     670.98
101.684     698.01     585.37     670.98
101.908     698.01     585.15     670.98
102.131     698.01     584.93     670.98
102.353     698.01     584.74     670.98
102.575     698.01     584.52     670.98
102.798     698.01     584.30     670.98
103.022     698.01     584.09     670.98
103.245     698.01     583.87     670.98
103.468     698.01     583.46     670.98
103.691     698.01     583.24     670.98
103.915     698.01     583.02     670.98
104.138     698.01     582.80     670.98
104.360     698.01     582.59     670.98
104.582     698.01     582.37     670.98
104.805     698.01     582.18     670.98
105.028     698.01     581.96     670.98
105.250     698.01     581.74     670.98
105.472     698.01     581.30     670.98
105.695     698.01     581.09     670.98
105.918     698.01     580.90     670.98
106.142     698.01     580.68     670.98
106.366     698.01     580.46     670.98
106.588     698.01     580.24     670.98
106.811     698.01     580.02     670.98
107.035     698.01     579.84     670.98
107.259     698.01     579.62     670.98
107.482     698.01     579.18     670.98
107.705     698.01     578.96     670.98
107.928     698.01     578.74     670.98
108.153     698.01     566.08     578.50
108.368       6.21       3.64       5.07
108.570       6.21       3.64       5.07
108.771       6.21       3.64       5.07
108.973       6.21       3.64       5.07
109.175       6.21       3.64       5.07
109.376       6.21       3.64       5.07
ERROR: can't open /proc/2216082/smaps: No such file or directory at /scratchNVME/pg-tpch/wss.pl line 226.
