Watching PID 1619367 page references for every 0.2 seconds...
Est(s)     RSS(MB)    PSS(MB)    Ref(MB)
0.219       459.20     452.93      19.78
0.216       459.20     452.93       0.25
0.213       459.20     452.93       0.25
0.213       459.20     452.93       0.24
0.214       459.15     452.89       2.57
0.215       459.14     452.88       0.24
0.216       459.14     452.88       0.24
0.217       459.14     452.88       1.93
0.216       474.29     467.87      27.38
0.220       501.46     495.04      30.04
0.220       527.88     521.46      29.49
0.219       554.87     548.45      29.64
0.222       581.21     574.79      29.18
0.223       608.15     601.73      29.49
0.224       635.27     628.82      29.61
0.223       662.73     656.29      30.41
0.226       691.04     684.59      30.55
0.226       718.30     711.86      32.98
0.225       721.11     714.66      11.61
0.227       749.20     742.66      28.84
0.230       776.86     770.29      26.98
0.229       807.27     800.70      31.47
0.230       836.33     829.73      29.28
0.232       863.80     857.20      28.99
0.232       891.88     885.28      29.43
0.230       923.12     916.52      31.56
0.231       959.76     953.16      37.38
0.235      1006.80    1000.14      48.22
0.236      1049.13    1045.28      44.03
0.236      1097.05    1093.20      47.42
0.237      1139.23    1135.38      43.41
0.239      1180.05    1176.20      40.05
0.239      1223.35    1219.50      43.93
0.241      1280.21    1276.36      57.95
0.244      1330.21    1326.37      49.07
0.248      1389.02    1385.17      59.38
0.249      1448.51    1444.66      58.08
0.249      1453.64    1449.79       5.97
0.721      1483.75    1479.90      32.96
0.255      1513.83    1509.98      30.17
0.254      1544.72    1540.87      31.11
0.259      1576.26    1572.41      31.60
0.259      1644.79    1640.94      68.24
0.257      1701.48    1697.63      54.14
0.260      1732.13    1728.28      30.96
0.259      1763.41    1759.56      31.16
0.259      1793.90    1790.05      30.73
0.259      1824.39    1820.54      30.45
0.261      1855.93    1852.08      31.31
0.264      1887.88    1884.03      31.82
0.258      1918.52    1914.67      30.04
0.261      1976.39    1972.54      57.81
0.263      2036.79    2032.94      56.71
0.262      2072.57    2068.73      35.95
0.265      2104.29    2100.44      31.67
0.269      2136.29    2132.44      31.93
0.267      2167.97    2164.12      31.29
0.270      2200.35    2196.50      32.13
0.276      2229.18    2225.33      32.68
0.274      2246.02    2242.17      32.58
0.282      2263.11    2259.26      32.61
0.279      2299.82    2295.97      52.32
0.271      2255.95    2252.10      72.38
0.268      2273.59    2269.74      31.47
0.275      2289.41    2285.56      32.32
0.284      2306.16    2302.32      32.29
0.284      2311.43    2307.58      32.43
0.282      2311.31    2307.46      32.14
0.280      2319.80    2315.95      40.67
0.278      2365.47    2361.62      66.36
0.281      2387.11    2383.26      37.23
0.274      2403.66    2399.81      32.04
0.279      2420.12    2416.27      33.13
0.281      2436.59    2432.74      32.62
0.273      2453.15    2449.30      32.12
0.276      2475.84    2471.99      32.38
0.274      2508.20    2504.35      32.06
0.273      2539.69    2535.84      31.74
0.274      2571.04    2567.19      32.20
0.277      2590.57    2586.72      19.74
0.278      2594.83    2590.98       7.29
0.276      2623.52    2619.67      32.06
0.279      2655.54    2651.69      32.75
0.277      2687.64    2683.79      32.55
0.284      2720.71    2716.87      33.30
0.280      2753.27    2749.42      32.82
0.287      2787.14    2783.30      33.61
0.288      2822.37    2818.52      33.97
0.282      2855.91    2852.06      32.59
0.283      2889.56    2885.71      32.81
0.283      2922.81    2918.96      33.23
0.284      2956.99    2953.14      33.62
0.285      2990.25    2986.40      33.04
0.284      3009.84    3005.99      19.48
1.391      3040.55    3036.71      34.29
0.296      3068.75    3064.90      33.92
0.306      3086.46    3082.61      34.10
0.307      3104.16    3100.31      34.33
0.296      3121.40    3117.55      32.57
0.299      3138.67    3134.82      34.37
0.298      3156.39    3152.54      33.23
0.298      3173.50    3169.65      33.79
0.304      3191.51    3187.66      34.03
0.300      3209.34    3205.49      34.48
0.299      3238.60    3234.75      33.32
0.303      3273.50    3269.65      34.62
0.311      3293.59    3289.74      34.13
0.302      3311.35    3307.50      34.53
0.303      3329.06    3325.21      34.45
0.313      3346.99    3343.14      34.72
0.314      3365.28    3361.43      34.53
0.317      3384.04    3380.19      34.88
0.304      3402.71    3398.86      34.54
0.311      3426.07    3422.23      43.08
0.325      3440.86    3437.01      41.89
0.326      3457.80    3453.99      44.58
0.314      3478.19    3474.38      35.65
0.322      3497.41    3493.60      36.59
0.327      3517.57    3513.76      37.04
0.316      3537.61    3533.80      35.77
0.318      3555.33    3551.52      35.90
0.314      3560.17    3556.36      35.46
0.331      3560.09    3556.27      37.59
0.334      3559.41    3555.59      37.03
0.318      3561.21    3557.40      36.15
0.321      3559.88    3556.07      36.40
0.328      3559.96    3556.15      37.18
0.331      3559.69    3555.88      37.69
0.320      3559.59    3555.77      35.67
0.330      3560.54    3556.73      37.09
0.323      3559.68    3555.87      36.19
0.329      3559.90    3556.09      37.57
0.333      3560.14    3556.33      37.80
0.315      3560.12    3556.31      36.24
0.329      3560.31    3556.50      37.39
0.321      3559.75    3555.94      36.08
0.329      3560.02    3556.21       7.71
0.317      3560.11    3556.30       7.73
0.316      3560.35    3556.54       8.41
0.314      3560.11    3556.29      36.36
0.327      3559.07    3555.26      37.31
0.325      3559.27    3555.46      36.98
0.318      3560.68    3556.87      29.59
0.298      3559.44    3555.63      73.86
0.300      3558.04    3554.22      68.94
0.325      3555.88    3552.07      88.53
0.311      3555.59    3551.77      63.65
0.318      3555.39    3551.58      67.25
0.316      3558.06    3554.25      13.23
1.022      3558.11    3554.29      11.79
0.312      3558.69    3554.88      11.86
0.312      3555.61    3551.79      61.13
0.326      3555.20    3551.38      62.71
0.323      3554.20    3550.39      59.45
0.313      3555.04    3551.23      60.73
0.314      3555.62    3551.81      39.04
0.310      3554.75    3550.93      32.89
0.310      3555.14    3551.33      33.05
0.312      3554.99    3551.18      33.44
0.313      3554.74    3550.93      33.48
0.312      3554.36    3550.55      33.41
0.319      3553.68    3549.87      34.11
0.316      3553.61    3549.79      33.32
0.312      3554.00    3550.19      33.06
0.310      3554.24    3550.43      33.37
0.311      3554.66    3550.85      33.48
0.313      3554.97    3551.16      33.77
0.311      3554.82    3551.00      32.76
0.312      3553.57    3549.75      32.71
0.312      3553.55    3549.74      28.31
0.312      3553.47    3549.66      32.85
0.312      3554.24    3550.43      33.28
0.310      3554.58    3550.77      32.91
0.311      3554.72    3550.91      33.01
0.312      3554.92    3551.11      33.10
0.312      3555.62    3551.81      33.30
0.311      3556.18    3552.37      33.28
0.311      3556.07    3552.26      33.10
0.311      3555.43    3551.62      32.97
0.314      3555.56    3551.75      33.65
0.311      3557.98    3554.17      19.27
0.312      3557.43    3553.62       7.91
0.311      3557.82    3554.00       7.98
0.313      3556.40    3552.59       9.63
0.312      3556.87    3553.06      32.64
0.311      3555.62    3551.81      33.31
0.314      3555.01    3551.20      33.08
0.310      3554.95    3551.14      33.51
0.309      3554.63    3550.82      33.39
0.325      3554.15    3550.34      34.45
0.310      3555.16    3551.35      33.40
0.324      3553.73    3549.92      34.67
0.322      3556.83    3553.02      13.10
1.296      3556.83    3553.02       7.85
0.312      3556.90    3553.09       8.32
0.313      3556.96    3553.15       8.24
0.313      3556.92    3553.11       7.70
0.311      3557.06    3553.25       8.15
0.310      3556.98    3553.17       8.01
0.310      3556.84    3553.03       7.30
0.311      3556.96    3553.15       6.48
0.311      3556.72    3552.91       7.87
0.312      3556.18    3552.37       8.43
0.312      3553.93    3550.12      33.50
0.313      3560.36    3556.55      33.75
0.313      3566.46    3562.65      33.77
0.312      3572.96    3569.14      33.70
0.314      3581.11    3577.30      33.60
0.312      3583.25    3579.43      33.44
0.314      3586.85    3583.04      34.34
0.328      3585.44    3581.63      35.32
0.318      3586.07    3582.26      29.07
0.312      3587.94    3584.13      33.44
0.312      3596.17    3592.36      33.77
0.314      3601.91    3598.10      34.39
0.311      3611.40    3607.59      33.76
0.313      3615.17    3611.36      33.86
0.314      3616.01    3612.20      34.23
0.312      3615.69    3611.88      33.71
0.314      3621.02    3617.21      34.23
0.312      3628.56    3624.75      33.98
0.313      3635.96    3632.15      33.90
0.314      3642.71    3638.90      34.24
0.314      3644.10    3640.29      33.95
0.315      3646.21    3642.40      34.15
0.313      3646.64    3642.83      33.98
0.315      3647.66    3643.85      34.25
0.315      3648.32    3644.51      34.50
0.315      3647.41    3643.60      34.52
0.313      3647.30    3643.49      33.96
0.314      3647.48    3643.67      34.38
0.314      3646.97    3643.16      34.06
0.316      3647.31    3643.50      34.76
0.316      3646.80    3642.99      35.00
0.315      3646.95    3643.14      34.89
0.314      3646.47    3642.66      34.43
0.315      3646.45    3642.63       6.73
1.297      3647.14    3643.33      34.33
0.318      3646.89    3643.08      34.81
0.314      3647.29    3643.48      34.45
0.316      3646.34    3642.52      35.00
0.315      3645.46    3641.65      34.29
0.314      3646.60    3642.79      34.95
0.315      3646.68    3642.86      17.58
0.316      3647.14    3643.33       8.12
0.316      3647.08    3643.27       8.32
0.314      3646.73    3642.92       7.83
0.315      3644.06    3640.25       7.98
0.313      3646.84    3643.03       8.10
0.316      3646.58    3642.77       8.33
0.314      3646.97    3643.16       8.12
0.326      3646.61    3642.80       8.09
0.316      3646.75    3642.93       8.09
0.314      3647.04    3643.23       8.17
0.316      3647.21    3643.40       8.27
0.316      3646.15    3642.34      32.79
0.343      3645.51    3641.70      35.11
0.316      3646.39    3642.58      34.85
0.315      3650.93    3647.11      34.61
0.317      3654.93    3651.11      35.32
0.315      3657.57    3653.76      34.33
0.324      3661.92    3658.11      35.56
0.331      3667.61    3663.79      36.26
0.321      3673.66    3669.85      34.65
0.319      3679.59    3675.78      35.19
0.329      3688.23    3684.42      35.77
0.327      3690.58    3686.77      34.37
0.315      3694.35    3690.54      34.70
0.330      3697.09    3693.28      36.00
0.323      3699.11    3695.30      34.39
0.318      3707.40    3703.59      34.80
0.321      3713.70    3709.88      35.35
0.332      3717.91    3714.10      36.22
0.325      3719.52    3715.71      34.54
0.318      3723.00    3719.19      34.96
0.319      3731.96    3728.15      34.70
0.320      3735.47    3731.66      34.88
0.319      3738.78    3734.97      34.82
0.332      3742.99    3739.18      35.89
0.324      3747.26    3743.45      35.24
0.319      3749.61    3745.79      34.84
0.321      3753.77    3749.96      35.27
0.333      3756.40    3752.59      36.00
0.326      3760.27    3756.46      35.07
0.321      3766.45    3762.64      35.07
0.327      3775.64    3771.82      36.08
0.321      3783.95    3780.14      34.84
0.322      3787.48    3783.66      35.25
0.326      3790.55    3786.74      35.77
0.337      3793.68    3789.87      36.59
0.323      3793.21    3789.40       6.91
1.428      3793.73    3789.92       7.95
0.323      3794.52    3790.71       8.61
0.326      3794.80    3790.98      35.59
0.321      3794.71    3790.89      34.84
0.323      3793.41    3789.60      35.14
0.323      3794.14    3790.33      35.45
0.335      3794.17    3790.36       8.08
0.350      3793.85    3790.04       8.83
0.338      3793.69    3789.88       8.34
0.336      3792.20    3788.39       8.64
0.328      3793.88    3790.07       8.27
0.324      3794.41    3790.60       8.29
0.330      3793.96    3790.14       8.60
0.325      3793.55    3789.74       8.34
0.321      3793.68    3789.86       8.73
0.337      3794.52    3790.71      36.62
0.341      3793.72    3789.91      36.26
0.337      3794.30    3790.49      36.36
0.332      3711.89    3708.07      34.68
0.321      3743.82    3740.00      36.24
0.335      3790.76    3786.95      47.59
0.331      3790.96    3787.15      41.82
0.314      3790.87    3787.06      48.74
0.322      3791.11    3787.30      33.60
0.329      3791.01    3787.20      33.67
0.319      3788.77    3784.96      33.80
0.325      3790.32    3786.51      33.88
0.319      3789.82    3786.01      33.61
0.314      3790.12    3786.31      33.48
0.315      3789.88    3786.07      33.61
0.314      3790.43    3786.62      33.37
0.324      3789.91    3786.09      34.24
0.311      3790.31    3786.50      33.06
0.325      3790.18    3786.37      33.93
0.321      3790.18    3786.36      33.43
0.318      3790.43    3786.61      33.84
0.324      3789.90    3786.09      33.84
0.327      3789.88    3786.06      33.49
0.318      3789.98    3786.17      34.06
0.321      3790.74    3786.93      34.50
0.325      3792.38    3788.57       8.59
0.327      3790.86    3787.05      16.90
0.322      3790.22    3786.41      33.60
0.324      3790.68    3786.86      33.37
0.324      3790.86    3787.04      34.30
0.327      3789.66    3785.85      34.68
0.315      3790.13    3786.32      33.32
0.321      3789.55    3785.74      34.15
0.313      3790.33    3786.52      33.75
0.318      3789.96    3786.15      34.42
0.315      3789.68    3785.86      33.93
0.317      3790.64    3786.83      19.64
1.171      3791.25    3787.44       8.07
0.859      3790.73    3786.92       7.69
0.323      3791.26    3787.45       8.02
0.315      3790.88    3787.07       7.74
0.314      3790.74    3786.93       7.97
0.319      3790.97    3787.16       8.31
0.312      3791.06    3787.25       8.49
0.313      3791.09    3787.28       8.30
0.316      3789.83    3786.02      13.55
0.314      3789.54    3785.73      34.17
0.312      3789.64    3785.83      33.38
0.317      3788.75    3784.94      34.06
0.319      3789.15    3785.34      34.37
0.313      3789.24    3785.43      33.44
0.321      3589.80    3585.99      33.43
0.320      3629.61    3625.79      33.86
0.326      3568.64    3564.83      32.96
0.318      3608.41    3604.59      34.52
0.330      3653.86    3650.05      41.32
0.312      3693.88    3690.07      35.59
0.308      3726.61    3722.80      39.62
0.309      3763.61    3759.79      32.05
0.311      3789.98    3786.17      31.98
0.323      3789.64    3785.83      33.15
0.318      3790.40    3786.59      32.45
0.320      3789.54    3785.73      33.58
0.314      3789.41    3785.60      32.89
0.322      3789.62    3785.81      33.11
0.334      3789.55    3785.74      33.24
0.321      3789.51    3785.70      32.08
0.335      3789.06    3785.25      33.34
0.329      3788.95    3785.13      33.44
0.332      3789.26    3785.45      33.44
0.324      3788.88    3785.07      33.79
0.333      3788.65    3784.84      33.36
0.334      3788.55    3784.74      33.61
0.335      3788.11    3784.29      33.52
0.332      3788.11    3784.29      33.70
0.336      3788.37    3784.56      33.90
0.336      3788.70    3784.88      33.94
0.331      3790.39    3786.58       8.29
0.324      3787.32    3783.51       7.93
0.328      3788.78    3784.97      33.61
0.322      3788.83    3785.02      34.16
0.336      3789.52    3785.71      34.02
0.328      3789.77    3785.95      33.76
0.324      3790.16    3786.34      33.80
0.335      3789.08    3785.27      33.75
0.334      3789.27    3785.46      33.59
0.335      3788.93    3785.12      33.81
0.333      3789.04    3785.22      34.04
0.335      3790.35    3786.54       7.80
0.995      3790.22    3786.41       7.95
0.337      3790.34    3786.53       7.93
0.326      3790.56    3786.75       8.33
0.335      3788.14    3784.33       7.95
0.324      3790.06    3786.25       7.81
0.335      3790.44    3786.63       8.11
0.317      3346.66    3342.84       7.83
0.320      3349.16    3345.35       7.93
0.320      3349.91    3346.09       8.04
0.319      3350.44    3346.63       7.91
0.312      3351.65    3347.84      16.04
0.310      3356.57    3352.75      33.99
0.310      3362.10    3358.29      33.77
0.311      3367.21    3363.40      34.18
0.320      3372.98    3369.17      33.65
0.320      3377.48    3373.67      34.01
0.320      3382.95    3379.14      34.00
0.316      3388.40    3384.59      34.54
0.320      3393.93    3390.12      34.06
0.323      3398.58    3394.77      34.33
0.319      3403.94    3400.13      33.84
0.322      3409.01    3405.20      34.08
0.321      3414.66    3410.85      33.97
0.322      3420.54    3416.72      34.56
0.311      3425.39    3421.58      33.44
0.311      3427.89    3424.08      34.36
0.324      3431.60    3427.79      34.66
0.324      3433.93    3430.12      34.86
0.323      3437.34    3433.52      34.66
0.324      3440.43    3436.62      35.29
0.324      3443.68    3439.87      35.04
0.318      3446.71    3442.90      34.75
0.325      3449.91    3446.09      34.96
0.323      3452.96    3449.15      34.39
0.324      3455.85    3452.04      34.53
0.323      3458.87    3455.06      34.47
0.325      3461.79    3457.98      34.75
0.324      3465.07    3461.26      34.80
0.324      3468.53    3464.72      34.58
0.326      3471.02    3467.20      35.09
0.316      3474.65    3470.84      34.89
0.326      3478.29    3474.48      34.50
0.324      3480.01    3476.20      19.79
0.325      3480.08    3476.27       7.72
0.324      3482.45    3478.64      29.06
0.327      3483.64    3479.83      34.53
0.327      3486.30    3482.49      34.79
0.326      3487.84    3484.03      34.76
0.323      3489.39    3485.58      35.02
0.315      3491.01    3487.20      34.95
0.326      3492.59    3488.78      34.80
0.327      3494.14    3490.33      35.48
0.325      3495.36    3491.55      34.96
0.328      3496.38    3492.57      33.94
0.325      3496.38    3492.56       7.05
1.804      3496.01    3492.20       7.48
0.325      3496.82    3493.01       8.04
0.305      3497.21    3493.39       8.06
0.307      3497.38    3493.56       7.81
0.311      3497.60    3493.79       8.16
0.307      3497.64    3493.83       8.10
0.304      3498.13    3494.32       8.08
0.301      3498.29    3494.48       8.07
0.305      3499.79    3495.98      30.50
0.315      3501.45    3497.64      34.86
0.327      3502.87    3499.06      34.62
0.328      3504.20    3500.39      34.95
0.327      3506.84    3503.03      34.72
0.321      3509.59    3505.77      34.78
0.315      3510.85    3507.04      34.80
0.326      3512.85    3509.04      34.70
0.328      3514.59    3510.77      35.04
0.328      3515.90    3512.09      34.74
0.328      3516.14    3512.33      35.03
0.328      3515.34    3511.53      34.89
0.328      3515.82    3512.01      35.34
0.316      3515.39    3511.58      34.94
0.319      3515.44    3511.63      34.04
0.318      3515.39    3511.57      35.29
0.329      3515.03    3511.21      35.02
0.329      3514.96    3511.15      34.96
0.327      3514.66    3510.85      34.90
0.327      3515.22    3511.41      35.08
0.326      3515.14    3511.33      34.88
0.329      3515.77    3511.95      35.43
0.328      3516.08    3512.27      35.21
0.329      3515.94    3512.13      35.30
0.329      3516.04    3512.22      35.11
0.327      3516.30    3512.49      34.93
0.327      3516.12    3512.31      35.01
0.325      3516.91    3513.10      34.98
0.329      3515.95    3512.14      35.11
0.329      3515.73    3511.92      35.49
0.328      3515.46    3511.65      30.22
0.327      3516.05    3512.24       7.39
0.317      3519.32    3515.51      36.70
0.329      3521.29    3517.47      36.77
0.313      3521.93    3518.12      34.68
0.320      3522.61    3518.79      35.46
0.328      3523.57    3519.76      36.63
0.328      3526.93    3523.12      37.51
0.328      3528.58    3524.77      36.63
0.329      3389.00    3385.19      37.46
0.336      3424.30    3420.49      39.14
0.326      3467.24    3463.43      37.55
0.332      3479.53    3475.71       8.21
0.945      3484.27    3480.46       7.11
0.323      3489.26    3485.45       7.41
0.321      3490.09    3486.28       8.07
0.320      3495.66    3491.84       8.36
0.329      3501.18    3497.37       8.04
0.311      3506.45    3502.64       7.85
0.314      3512.05    3508.24       7.94
0.314      3517.76    3513.95       8.19
0.321      3523.68    3519.87       8.12
0.333      3529.57    3525.76       7.99
0.332      3531.09    3527.27       7.78
0.324      3539.29    3535.48      13.21
0.321      3540.94    3537.13      36.63
0.326      3541.91    3538.09      37.42
0.334      3545.61    3541.80      38.75
0.330      3547.04    3543.23      37.57
0.327      3550.43    3546.62      37.68
0.320      3551.36    3547.55      37.29
0.325      3550.77    3546.96      36.43
0.325      3550.35    3546.54      35.26
0.324      3550.88    3547.06      36.63
0.326      3550.49    3546.68      35.78
0.325      3551.06    3547.25      36.68
0.324      3554.04    3550.22      37.62
0.312      3555.02    3551.21      35.61
0.311      3556.96    3553.15      36.37
0.312      3556.81    3553.00      34.60
0.315      3556.97    3553.16      35.38
0.312      3556.51    3552.70      34.68
0.313      3556.23    3552.41      34.98
0.315      3556.61    3552.80      35.27
0.314      3556.49    3552.68      35.08
0.314      3556.29    3552.48      34.93
0.313      3556.29    3552.48      34.63
0.312      3556.27    3552.46      34.48
0.313      3556.05    3552.24      34.92
0.313      3555.64    3551.83      34.88
0.312      3555.96    3552.14      34.73
0.314      3555.91    3552.10      34.66
0.310      3508.78    3504.97      35.38
0.312      3545.94    3542.13      35.24
0.313      3557.32    3553.51      35.21
0.313      3557.82    3554.00      35.52
0.315      3555.35    3551.54      11.20
0.311      3557.28    3553.47      22.95
0.312      3557.11    3553.30      35.50
0.314      3557.37    3553.56      35.08
0.312      3557.55    3553.74      35.03
0.314      3557.24    3553.43      35.36
0.313      3556.62    3552.80      34.91
0.313      3557.21    3553.40      35.21
0.313      3557.48    3553.67      35.38
0.314      3556.59    3552.77      35.13
0.314      3556.92    3553.11      35.14
0.324      3557.75    3553.94      36.70
0.314      3554.67    3550.86       6.65
2.047      3553.81    3550.00       7.36
0.325      3557.69    3553.88      36.51
0.314      3556.98    3553.17      34.71
0.311      3556.90    3553.09      35.21
0.313      3557.06    3553.25      35.53
0.314      3557.98    3554.17      37.81
0.311      3556.72    3552.91      37.38
0.312      3556.88    3553.07      37.46
0.315      3557.58    3553.77      38.85
0.316      3557.41    3553.60      38.68
0.315      3557.29    3553.48      38.07
0.312      3557.20    3553.39      37.43
0.319      3557.07    3553.25      38.46
0.316      3556.73    3552.91      38.06
0.325      3557.65    3553.84      39.43
0.335      3559.70    3555.89      40.79
0.314      3558.32    3554.50      38.04
0.311      3557.50    3553.68      36.96
0.316      3558.12    3554.31      38.03
0.316      3557.86    3554.04      38.91
0.318      3557.97    3554.16      38.06
0.322      3558.20    3554.38      38.80
0.320      3558.46    3554.65      38.98
0.325      3558.34    3554.53      39.04
0.333      3558.20    3554.39      39.12
0.319      3557.75    3553.94      38.68
0.316      3557.22    3553.41      37.89
0.314      3557.48    3553.67      37.30
0.313      3557.23    3553.42      37.09
0.319      3557.88    3554.06      38.42
0.319      3557.29    3553.47      38.54
0.317      3557.95    3554.13      38.24
0.313      3558.57    3554.76      38.43
0.314      3559.34    3555.52      37.17
0.312      3559.95    3556.14      37.64
0.313      3560.25    3556.44      37.20
0.314      3562.23    3558.41      39.06
0.314      3561.96    3558.15      37.22
0.317      3560.70    3556.89      35.92
0.316      3559.43    3555.62       7.38
0.315      3559.02    3555.20       7.48
0.318      3562.25    3558.43      16.16
0.318      3562.01    3558.20      38.14
0.315      3562.45    3558.64      37.49
0.318      3562.21    3558.40      37.93
0.313      3563.60    3559.79      37.89
0.316      3563.73    3559.92      37.94
0.315      3562.65    3558.84      37.28
0.314      3563.78    3559.97      37.38
0.317      3563.06    3559.25      39.80
0.318      3561.90    3558.09      30.58
0.671      3561.64    3557.82       8.11
1.419      3563.07    3559.26      40.07
0.325      3563.23    3559.42      40.53
0.336      3563.23    3559.42      41.13
0.331      3563.77    3559.96      42.32
0.337      3563.39    3559.58      43.44
0.330      3563.71    3559.90      43.12
0.326      3563.55    3559.74      43.13
0.335      3563.03    3559.22      40.84
0.336      3563.68    3559.86      40.64
0.336      3561.24    3557.43      28.36
0.939      3561.12    3557.31       7.25
0.327      3562.14    3558.33      35.50
0.315      3562.18    3558.37      35.28
0.326      3563.05    3559.24      38.23
0.328      3562.78    3558.97      36.16
0.324      3562.28    3558.47      37.42
0.334      3562.55    3558.74      39.07
0.335      3561.91    3558.10      38.81
0.329      3561.42    3557.61      39.46
0.313      3561.38    3557.56      34.51
0.317      3560.67    3556.86      35.23
0.328      3559.23    3555.42      35.27
0.327      3559.86    3556.05      37.55
0.328      3558.40    3554.59      37.69
0.325      3558.05    3554.24      37.99
0.335      3556.61    3552.80      36.67
0.326      3554.91    3551.09      23.25
1.164      3561.04    3557.23      31.63
0.322      3560.88    3557.06      34.57
0.325      3561.25    3557.43      36.02
0.317      3560.55    3556.74      36.40
0.319      3560.61    3556.79      35.46
0.316      3560.34    3556.53      35.53
0.323      3560.26    3556.45      36.02
0.317      3560.20    3556.39      34.16
0.314      3560.42    3556.61      35.07
0.324      3560.68    3556.87      36.05
0.324      3559.52    3555.71      35.31
0.312      3559.73    3555.91      35.98
0.312      3559.45    3555.63      34.43
0.324      3560.30    3556.49      36.67
0.324      3559.39    3555.58      34.35
0.324      3559.98    3556.17      35.39
0.319      3559.91    3556.10      37.34
0.321      3559.41    3555.60      34.93
0.334      3559.33    3555.52      36.06
0.334      3558.79    3554.97      34.73
0.331      3558.86    3555.05      35.07
0.321      3558.67    3554.86      34.60
0.326      3558.51    3554.70      35.04
0.334      3558.04    3554.22      35.24
0.327      3558.87    3555.06      36.65
0.324      3559.16    3555.35      37.51
0.323      3558.83    3555.02      37.61
0.317      3558.66    3554.85      37.43
0.324      3557.75    3553.94      35.83
0.315      3557.86    3554.05      34.33
0.312      3558.00    3554.19       7.62
0.315      3558.29    3554.47       7.07
0.313      3557.72    3553.91      31.19
0.315      3557.48    3553.67      34.16
0.315      3557.72    3553.91      34.19
0.319      3557.51    3553.70      35.18
0.326      3557.45    3553.63      34.55
0.328      3557.50    3553.69      34.84
0.317      3558.04    3554.23      36.13
0.322      3557.85    3554.04      38.00
0.314      3557.79    3553.98      36.93
0.318      3557.14    3553.33      36.93
0.323      3557.30    3553.48       5.03
1.853      3557.49    3553.68      25.80
0.309      3556.73    3552.91      33.74
0.318      3558.00    3554.19      35.64
0.319      3557.77    3553.96      34.43
0.331      3558.58    3554.77      35.29
0.332      3557.45    3553.64      34.87
0.326      3557.67    3553.86      34.03
0.323      3557.06    3553.25      34.68
0.335      3559.68    3555.87      36.61
0.333      3559.68    3555.87      35.02
0.324      3558.15    3554.34      33.80
0.314      3559.86    3556.04      34.02
0.321      3559.41    3555.60      34.97
0.323      3558.77    3554.95      34.71
0.328      3557.63    3553.82      34.96
0.315      3559.07    3555.26      33.99
0.324      3558.94    3555.13      35.07
0.330      3559.51    3555.70      35.18
0.334      3559.09    3555.28      34.97
0.335      3560.10    3556.29      35.12
0.325      3561.21    3557.40      34.77
0.313      3563.88    3560.07      33.67
0.317      3566.13    3562.32      23.94
0.314      3567.61    3563.80      34.23
0.315      3568.42    3564.61      34.13
0.315      3569.70    3565.89      34.12
0.316      3570.72    3566.91      34.05
0.315      3575.30    3571.48      34.47
0.315      3576.79    3572.97      34.45
0.315      3577.23    3573.42      34.16
0.316      3579.07    3575.26      34.61
0.314      3580.82    3577.00      33.98
0.314      3583.15    3579.34      34.62
0.313      3582.89    3579.08      34.12
0.317      3586.86    3583.05      34.70
0.326      3587.60    3583.79      35.36
0.330      3588.77    3584.95      35.48
0.321      3589.65    3585.84      29.48
0.326      3593.77    3589.96      29.64
0.325      3594.50    3590.69       7.41
0.326      3594.82    3591.01       7.39
0.328      3594.70    3590.89       7.38
0.317      3595.39    3591.57       9.95
0.328      3595.79    3591.98      35.49
0.338      3597.02    3593.20      35.55
0.339      3598.98    3595.17      35.73
0.336      3600.27    3596.46      35.54
0.335      3605.54    3601.73      35.14
0.338      3607.06    3603.25      35.60
0.337      3608.25    3604.44      30.93
0.862      3608.48    3604.67       6.52
0.972      3608.47    3604.66      14.02
0.331      3608.90    3605.09      34.88
0.336      3610.03    3606.22      35.61
0.330      3610.80    3606.99      34.88
0.330      3614.82    3611.01      35.79
0.331      3617.27    3613.45      35.35
0.340      3623.43    3619.61      35.96
0.337      3623.98    3620.17      35.62
0.338      3625.29    3621.48      35.40
0.338      3626.35    3622.54      35.96
0.329      3627.48    3623.67      33.18
0.326      3628.62    3624.81      35.68
0.329      3629.63    3625.82      35.72
0.325      3629.02    3625.21      35.59
0.329      3629.03    3625.22      35.49
0.337      3629.37    3625.55      35.86
0.325      3629.98    3626.17      35.41
0.330      3629.55    3625.74      36.17
0.332      3629.12    3625.31      35.12
0.337      3629.05    3625.24      36.05
0.336      3629.50    3625.68      35.73
0.321      3628.81    3625.00      34.64
0.334      3629.00    3625.19       5.30
1.164      3629.51    3625.70      34.53
0.324      3630.14    3626.33      35.16
0.317      3630.00    3626.19      34.29
0.326      3629.46    3625.65      35.30
0.336      3631.07    3627.26      35.80
0.337      3630.72    3626.91      35.71
0.339      3631.07    3627.25      35.70
0.329      3632.16    3628.35      34.64
0.330      3631.58    3627.77      35.77
0.341      3631.34    3627.52      36.22
0.340      3631.69    3627.88      35.95
0.333      3631.09    3627.28      35.87
0.332      3631.35    3627.54      35.94
0.338      3631.91    3628.10      35.99
0.344      3631.24    3627.43      36.28
0.332      3632.57    3628.76      36.16
0.339      3631.61    3627.80      35.83
0.341      3631.44    3627.63      36.09
0.336      3631.93    3628.11      35.72
0.332      3631.54    3627.72      35.10
0.332      3631.82    3628.01      35.93
0.339      3632.45    3628.64      35.72
0.341      3632.87    3629.06      36.18
0.334      3632.31    3628.50      35.15
0.332      3631.96    3628.15      35.79
0.332      3632.13    3628.32      34.10
0.329      3632.52    3628.70      35.75
0.334      3631.93    3628.11      36.14
0.329      3633.17    3629.36      35.88
0.327      3634.23    3630.42      35.77
0.332      3634.16    3630.35      35.96
0.341      3635.14    3631.33      36.11
0.341      3635.68    3631.86      36.08
0.341      3635.44    3631.63      35.97
0.342      3636.85    3633.04      36.28
0.342      3638.38    3634.57      36.04
0.340      3638.29    3634.47      36.02
0.322      3638.37    3634.56      34.73
0.337      3637.71    3633.90      35.90
0.345      3637.27    3633.46       7.78
0.343      3637.51    3633.70       7.45
0.333      3637.64    3633.83       7.38
0.336      3636.91    3633.10       7.11
0.342      3637.46    3633.65      32.65
0.331      3637.22    3633.41      34.46
0.344      3637.81    3634.00      35.36
0.344      3638.29    3634.47      35.32
0.346      3638.75    3634.94      35.23
0.341      3640.84    3637.03      35.28
0.336      3641.27    3637.46      34.12
0.346      3641.64    3637.83       6.71
0.346      3641.52    3637.71       7.07
0.337      3640.61    3636.80       6.99
0.337      3641.85    3638.04       7.75
0.347      3640.95    3637.14      35.02
0.341      3641.64    3637.83      35.14
0.338      3641.54    3637.72      35.27
0.348      3642.98    3639.17      35.45
0.347      3643.89    3640.08      35.41
0.347      3643.46    3639.65      35.44
0.347      3643.06    3639.25      35.39
0.337      3643.34    3639.53      34.25
0.328      3643.68    3639.87      34.53
0.337      3643.22    3639.41      35.04
0.337      3644.60    3640.79      34.31
0.326      3644.73    3640.92      34.54
0.327      3644.91    3641.09      34.20
0.339      3645.48    3641.67      35.70
0.347      3646.34    3642.53      35.43
0.347      3646.75    3642.94      35.87
0.344      3647.09    3643.28      35.64
0.347      3648.65    3644.84      35.56
0.349      3649.25    3645.44      35.56
0.349      3649.43    3645.61      35.94
0.348      3649.55    3645.74      35.71
0.349      3649.33    3645.52      36.10
0.344      3650.23    3646.42      35.30
0.344      3650.55    3646.74      35.30
0.343      3650.93    3647.12      35.51
0.340      3650.25    3646.44      36.27
0.350      3650.71    3646.90      36.18
0.346      3652.20    3648.39      35.75
0.338      3653.03    3649.22      35.69
0.349      3654.33    3650.52      36.14
0.353      3654.09    3650.28      36.19
0.338      3654.56    3650.75      35.91
0.349      3654.39    3650.58      36.56
0.349      3654.12    3650.31      36.20
0.344      3657.19    3653.38      36.70
0.350      3656.95    3653.13      36.26
0.344      3657.50    3653.69      35.91
0.347      3657.79    3653.97      34.46
0.341      3655.89    3652.08       6.95
0.337      3657.85    3654.04       7.13
0.330      3657.99    3654.18       6.78
0.324      3658.04    3654.22      32.45
0.328      3658.95    3655.14      35.20
0.345      3660.50    3656.68      37.57
0.350      3661.21    3657.40      36.89
0.343      3661.51    3657.70      36.30
0.341      3663.29    3659.47      36.92
0.351      3663.49    3659.68      36.84
0.344      3662.64    3658.83      17.18
1.180      3663.44    3659.63      36.14
0.332      3663.65    3659.84      36.11
0.338      3663.35    3659.54      36.85
0.337      3663.30    3659.48      36.77
0.334      3663.14    3659.33      36.76
0.330      3663.14    3659.33      35.89
0.337      3662.88    3659.06      36.63
0.334      3663.62    3659.81      36.12
0.332      3663.47    3659.66      36.35
0.330      3663.19    3659.38      35.91
0.329      3663.23    3659.42      35.61
0.328      3663.66    3659.85      35.71
0.332      3663.59    3659.78      35.91
0.331      3663.44    3659.63      36.08
0.323      3663.00    3659.19      35.00
0.329      3663.47    3659.66      36.13
0.338      3663.84    3660.02      36.79
0.336      3663.59    3659.77      37.10
0.328      3663.30    3659.48      35.68
0.340      3663.21    3659.40      37.25
0.333      3664.07    3660.26      35.92
0.324      3662.41    3658.60      35.44
0.324      3659.87    3656.06      37.21
0.331      3658.39    3654.58      37.82
0.320      3657.09    3653.28      36.29
0.320      3655.62    3651.81      36.04
0.323      3654.44    3650.63      36.49
0.327      3654.09    3650.28      38.59
0.328      3653.50    3649.69      38.69
0.325      3652.90    3649.09      37.01
0.324      3652.54    3648.73      39.69
0.326      3653.05    3649.24      40.01
0.329      3653.28    3649.46      40.83
0.323      3651.60    3647.79      37.26
0.336      3650.77    3646.95      40.37
0.326      3650.23    3646.42      38.14
0.328      3648.60    3644.79      46.39
0.331      3647.40    3643.59      52.45
0.325      3646.98    3643.17      40.77
0.327      3646.20    3642.38      45.52
0.325      3645.18    3641.37       7.05
0.464      3646.04    3642.23      23.45
0.326      3645.45    3641.64      50.41
0.328      3644.88    3641.06      52.05
0.329      3644.27    3640.46      50.24
0.327      3643.75    3639.94      42.69
0.324      3643.30    3639.49      49.79
0.323      3641.84    3638.02      41.67
0.317      3639.67    3635.86      36.04
0.326      3637.72    3633.91      41.34
0.324      3636.50    3632.69      43.45
0.331      3635.55    3631.74       8.41
0.321      3635.72    3631.91       8.14
0.324      3635.02    3631.21       6.86
0.325      3635.28    3631.47       7.88
0.329      3635.16    3631.35      45.74
0.341      3633.98    3630.17      44.58
0.342      3633.60    3629.79      47.29
0.341      3633.19    3629.38      42.78
0.332      3633.20    3629.38      42.55
0.330      3631.90    3628.09      43.62
0.328      3630.13    3626.32      40.13
0.330      3629.38    3625.56      41.57
0.334      3628.36    3624.55      40.92
0.342      3627.20    3623.39      33.08
0.333      3626.04    3622.23      41.34
0.341      3625.50    3621.69      42.57
0.341      3625.62    3621.81      42.37
0.342      3624.74    3620.93      43.87
0.340      3625.02    3621.21      44.00
0.340      3622.55    3618.74      40.11
0.339      3621.08    3617.27      43.93
0.341      3618.98    3615.17      45.42
0.336      3619.18    3615.37      50.16
0.336      3617.10    3613.29      43.57
0.340      3616.17    3612.36      41.90
0.341      3613.56    3609.75      39.21
0.340      3611.84    3608.03      41.45
0.342      3613.30    3609.49      43.18
0.330      3616.32    3612.50      44.06
0.328      3621.75    3617.94      42.25
0.321      3634.04    3630.23      45.23
0.324      3197.00    3193.19      49.65
0.328      3225.79    3221.98      32.65
0.317      3230.18    3226.37       7.89
0.319      3260.84    3257.02      48.29
0.314      3298.44    3294.63      41.50
0.328      3335.22    3331.41      39.21
0.331      3376.46    3372.64      46.47
0.320      3416.48    3412.67      45.75
0.315      3451.80    3447.99      41.07
0.324      3487.95    3484.14      42.85
0.333      3525.49    3521.68      42.50
0.338      3563.95    3560.14      42.59
0.337      3599.49    3595.68      43.71
0.339      3608.13    3604.32       6.30
1.092      3608.62    3604.80       7.69
0.340      3612.43    3608.62       7.83
0.338      3641.91    3638.09      46.89
0.340      3649.88    3646.07      51.64
0.339      3656.66    3652.85      55.69
0.340      3669.07    3665.26      56.49
0.339      3673.49    3669.68      45.39
0.329      3676.47    3672.66      42.08
0.328      3679.68    3675.87      39.46
0.339      3682.30    3678.49      48.35
0.340      3688.24    3684.43      40.89
0.340      3689.79    3685.97      48.29
0.332      3690.72    3686.91      44.08
0.328      3690.75    3686.94      40.66
0.334      3693.55    3689.74      41.14
0.341      3699.03    3695.22      41.35
0.321      3710.37    3706.55      42.14
0.328      3720.46    3716.64      45.62
0.330      3724.10    3720.29      43.14
0.335      3726.26    3722.45      42.38
0.329      3730.43    3726.62      42.17
0.331      3736.86    3733.05      40.77
0.327      3739.92    3736.11      30.94
0.332      3742.70    3738.88      46.21
0.333      3744.47    3740.66      45.21
0.328      3746.42    3742.61      43.32
0.320      3748.81    3745.00      42.11
0.326      3753.85    3750.04      44.86
0.329      3757.41    3753.60      23.45
0.322      3755.12    3751.31      18.48
0.327      3757.92    3754.11      48.49
0.332      3761.18    3757.37      45.96
0.333      3763.82    3760.00      44.56
0.334      3764.59    3760.78      48.15
0.326      3769.21    3765.40      49.27
0.325      3773.70    3769.89      49.38
0.323      3778.54    3774.73      45.05
0.330      3781.32    3777.51      41.80
0.332      3783.91    3780.10      43.17
0.333      3791.22    3787.41      35.95
1.760      3787.29    3783.48       6.90
0.645      3791.38    3787.56      45.70
0.335      3795.46    3791.65      48.94
0.340      3803.97    3800.16      45.55
0.336      3806.36    3802.55      45.71
0.324      3812.70    3808.89      51.04
0.330      3816.34    3812.53      48.86
0.335      3825.11    3821.30      49.03
0.336      3830.84    3827.02      46.47
0.328      3834.48    3830.67      48.69
0.335      3839.48    3835.67      50.73
0.331      3372.87    3369.06      37.98
0.317      3406.02    3402.21      41.06
0.327      3444.71    3440.90      40.36
0.322      3483.07    3479.26      39.11
0.320      3522.54    3518.73      40.42
0.327      3562.32    3558.51      41.89
0.328      3604.00    3600.18      43.62
0.325      3643.91    3640.10      41.62
0.324      3682.34    3678.52      38.61
0.326      3723.17    3719.36      41.32
0.325      3758.76    3754.95      39.39
0.333      3797.99    3794.18      42.16
0.342      3838.97    3835.16      43.79
0.330      3853.73    3849.92      40.58
0.328      3854.54    3850.72      40.77
0.335      3854.48    3850.67      40.80
0.345      3855.79    3851.98      42.02
0.346      3856.39    3852.58      42.96
0.345      3858.06    3854.25      44.64
0.339      3858.95    3855.14      43.46
0.347      3859.46    3855.65      42.32
0.335      3861.49    3857.68      40.77
0.336      3862.45    3858.64      42.48
0.342      3864.00    3860.19      43.16
0.341      3868.00    3864.18      40.98
0.340      3872.55    3868.74      23.66
0.338      3872.87    3869.06       8.10
0.335      3873.72    3869.91       7.61
0.338      3873.34    3869.53       7.61
0.347      3876.70    3872.89      41.18
0.328      3881.09    3877.27      43.07
0.327      3882.67    3878.86      41.82
0.338      3885.14    3881.33      44.10
0.344      3890.66    3886.84      42.59
0.347      3894.80    3890.99      43.41
0.328      3895.55    3891.74      40.85
0.339      3897.54    3893.73       9.53
1.242      3902.45    3898.64      39.21
0.336      3906.16    3902.35      40.14
0.339      3909.47    3905.66      40.32
0.348      3912.98    3909.17      44.01
0.329      3917.25    3913.44      42.13
0.340      3923.89    3920.08      40.10
0.339      3928.30    3924.49      42.16
0.328      3934.71    3930.90      39.08
0.323      3403.38    3399.57      33.87
0.325      3441.96    3438.15      36.41
0.326      3481.43    3477.62      36.99
0.328      3521.02    3517.20      36.29
0.331      3560.71    3556.90      37.58
0.331      3600.70    3596.89      36.98
0.342      3642.25    3638.43      39.15
0.343      3682.93    3679.11      39.39
0.346      3723.88    3720.07      39.50
0.340      3761.43    3757.62      37.76
0.349      3802.38    3798.57      38.30
0.349      3843.74    3839.93      37.98
0.350      3883.91    3880.10      38.69
0.347      3923.17    3919.36      38.18
0.354      3940.96    3937.15      38.77
0.353      3942.80    3938.99      39.49
0.345      3943.01    3939.20      39.41
0.333      3945.43    3941.62      38.91
0.341      3946.58    3942.77      40.10
0.342      3940.80    3936.99      21.90
0.345      3947.96    3944.14      38.27
0.336      3949.34    3945.53      37.50
0.332      3950.56    3946.75      36.12
0.334      3952.74    3948.93      39.13
0.344      3954.97    3951.16      38.04
0.334      3957.02    3953.20      35.28
0.335      3960.42    3956.61      38.26
0.344      3960.57    3956.76      37.15
0.338      3962.45    3958.64      37.92
0.331      3964.39    3960.58      38.47
0.336      3960.19    3956.38       4.89
1.250      3963.03    3959.22      36.26
0.337      3964.24    3960.43      37.95
0.336      3963.37    3959.56      37.09
0.336      3964.60    3960.79      38.27
0.336      3963.36    3959.55      39.20
0.345      3963.39    3959.58      38.97
0.346      3963.12    3959.31      37.63
0.330      3962.36    3958.55      36.50
0.340      3962.36    3958.55      37.53
0.349      3962.84    3959.03      38.43
0.342      3963.57    3959.76      38.98
0.336      3963.41    3959.60      40.14
0.336      3963.31    3959.50      40.55
0.344      3964.43    3960.61      38.84
0.343      3964.54    3960.72      38.08
0.336      3964.68    3960.87      36.83
0.343      3965.80    3961.99      38.00
0.355      3965.68    3961.87      38.29
0.348      3967.84    3964.02      38.62
0.340      3967.07    3963.25      39.59
0.337      3967.03    3963.22      47.04
0.350      3966.15    3962.34      38.95
0.340      3967.61    3963.80      37.68
0.350      3969.59    3965.78      36.14
0.346      3968.98    3965.17      35.45
0.350      3968.47    3964.66      35.82
0.345      3968.32    3964.50      35.49
0.338      3968.22    3964.41      35.56
0.336      3971.44    3967.62      35.41
0.336      3971.68    3967.86      34.93
0.345      3971.78    3967.97      36.39
0.347      3972.62    3968.81      35.82
0.348      3972.45    3968.64      35.62
0.356      3973.09    3969.27      36.50
0.356      3973.59    3969.78      36.32
0.341      3972.64    3968.83      35.86
0.336      3972.56    3968.75      35.39
0.347      3972.30    3968.49      25.54
0.344      3972.72    3968.91      15.90
0.340      3971.85    3968.04      36.08
0.331      3971.50    3967.69      34.82
0.340      3972.03    3968.22      35.89
0.348      3971.75    3967.94      35.58
0.339      3972.84    3969.03      33.04
0.338      3892.52    3888.70      35.15
0.335      3932.57    3928.76      35.21
0.349      3969.67    3965.86      35.77
0.344      3969.67    3965.86      35.15
0.342      3966.59    3962.78       6.94
0.802      3967.68    3963.86      35.31
0.331      3965.98    3962.17      34.82
0.335      3965.23    3961.42      52.83
0.350      3963.51    3959.70      35.95
0.348      3963.37    3959.56      36.37
0.347      3965.23    3961.41      40.62
0.341      4010.88    4007.06     122.22
0.349      3966.47    3962.66      67.10
0.342      3967.41    3963.60      67.30
0.347      3993.73    3989.92     167.47
0.354      3968.41    3964.60      63.40
0.365      3969.61    3965.79      65.20
0.365      3969.57    3965.76      60.58
0.356      3969.68    3965.87      62.48
0.347      3970.04    3966.23      64.88
0.361      3970.61    3966.79      65.05
0.353      3970.76    3966.95      64.82
0.338      3969.92    3966.11      42.11
0.336      3970.72    3966.91      42.82
0.349      3970.51    3966.70      42.42
0.348      3970.18    3966.36      42.16
0.347      3970.18    3966.37      42.25
0.334      3970.03    3966.22      41.99
0.349      3970.57    3966.76      42.68
0.346      3969.70    3965.88      41.94
0.335      3970.18    3966.37      41.95
0.340      3970.44    3966.63      35.98
0.346      3970.43    3966.62      42.16
0.350      3969.30    3965.49      15.91
0.348      3969.83    3966.02       9.93
0.343      3970.65    3966.84      42.07
0.357      3879.79    3875.97      35.96
0.350      3920.14    3916.32      41.46
0.340      3961.91    3958.09      41.67
0.346      3969.31    3965.50      41.93
0.348      3969.41    3965.60      41.71
0.349      3969.62    3965.81      41.66
0.338      3969.63    3965.82      40.73
0.344      3969.05    3965.23      37.10
1.261      3968.97    3965.16      42.48
0.358      3968.96    3965.15      42.85
0.354      3969.90    3966.09      43.47
0.346      3969.38    3965.57      42.67
0.350      3969.83    3966.02      43.11
0.341      3966.70    3962.89      96.48
0.344      3906.10    3902.29      46.51
0.345      3946.81    3943.00      46.18
0.342      3962.33    3958.52      45.14
0.346      3960.73    3956.91      48.77
0.342      3958.98    3955.16      46.36
0.345      3983.88    3980.07     103.02
0.343      3960.36    3956.55      87.24
0.338      3933.91    3930.10      66.37
0.328      3962.79    3958.97     173.24
0.330      3963.33    3959.52      68.85
0.330      3964.95    3961.13      65.50
0.328      3964.72    3960.91      71.83
0.344      3966.54    3962.72      77.40
0.341      3964.66    3960.85      68.96
0.348      3963.32    3959.51      58.23
0.340      3963.04    3959.22      53.49
0.335      3961.46    3957.65      53.41
0.336      3961.08    3957.27      53.75
0.336      3960.27    3956.46      53.09
0.340      3959.45    3955.64      54.07
0.334      3959.09    3955.28      46.98
0.345      3957.73    3953.91      47.14
0.337      3957.45    3953.63      18.68
0.332      3957.02    3953.20      18.50
0.336      3957.16    3953.34      18.44
0.336      3956.91    3953.10      21.85
0.336      3953.38    3949.57       3.50
0.348      3957.08    3953.27       9.53
0.361      3957.06    3953.25       3.35
0.361      3957.72    3953.91       3.97
0.359      3954.66    3950.85      55.28
0.350      3954.02    3950.20      55.52
0.367      3955.03    3951.21      19.40
0.730      3890.73    3886.92      54.31
0.364      3934.59    3930.78      58.52
0.365      3953.55    3949.73      57.06
0.366      3952.63    3948.82      57.50
0.353      3952.74    3948.93      61.13
0.364      3953.05    3949.24      62.61
0.365      3951.85    3948.04      59.15
0.356      3950.62    3946.81      56.61
0.352      3949.57    3945.76      58.15
0.363      3949.03    3945.21      57.48
0.356      3870.21    3866.39      52.11
0.346      3912.99    3909.18      50.58
0.349      3947.38    3943.57      51.36
0.354      3948.05    3944.23      51.11
0.356      3947.47    3943.66      52.04
0.348      3946.60    3942.79      50.84
0.345      3946.73    3942.92      41.34
0.352      3946.63    3942.82      15.20
0.356      3946.30    3942.49      17.56
0.337      3944.46    3940.64      18.18
0.350      3944.76    3940.95      51.98
0.344      3944.71    3940.90      49.51
0.343      3943.89    3940.08      51.76
0.338      3943.21    3939.40      50.92
0.343      3944.10    3940.29      53.14
0.359      3943.80    3939.99      50.21
0.358      3944.26    3940.45      51.06
0.349      3942.84    3939.02      50.86
0.343      3656.29    3652.48      20.95
0.344      3942.11    3938.30      27.48
0.354      3941.70    3937.89      48.11
0.345      3940.50    3936.69      49.43
0.345      3942.07    3938.26      31.83
0.353      3648.75    3644.93      43.29
0.367      3941.73    3937.92      51.62
0.355      3940.93    3937.11      50.77
0.344      3943.39    3939.58      61.59
0.353      3941.31    3937.50      57.70
0.352      3941.12    3937.31      48.90
0.335      3941.21    3937.40       3.53
0.340      3941.97    3938.16      14.29
0.343      3941.25    3937.43      11.98
0.345      3941.23    3937.42       2.89
0.348      3941.23    3937.42       2.90
0.337      3736.76    3732.95      35.09
0.362      3941.58    3937.77      63.20
0.365      3939.65    3935.84      59.54
0.347      3939.86    3936.05      57.90
0.353      3939.75    3935.94      27.25
0.407      3940.01    3936.20      56.69
0.351      3938.30    3934.49      56.09
0.352      3938.22    3934.41      56.97
0.351      3936.79    3932.98      59.12
0.353      3938.88    3935.06      60.87
0.342      3936.43    3932.62      60.93
0.349      3936.15    3932.34      60.40
0.348      3934.62    3930.80      59.13
0.340      3934.57    3930.76      55.89
0.354      3934.16    3930.35      26.39
1.358      3935.64    3931.82      58.63
0.355      3933.95    3930.14      63.30
0.366      3934.04    3930.23      59.77
0.338      3933.94    3930.12      57.34
0.347      3935.24    3931.42      64.09
0.344      3934.16    3930.33      39.12
0.337      3932.33    3928.51      27.25
0.332      3934.84    3931.01      59.91
0.351      3934.22    3930.40      34.83
0.360      3933.84    3930.02      57.21
0.363      3934.40    3930.58      59.14
0.354      3935.86    3932.04      61.61
0.345      3936.24    3932.42      63.50
0.347      3937.68    3933.85      60.33
0.353      3936.71    3932.89      59.20
0.348      3937.39    3933.57      62.78
0.347      3937.18    3933.36      58.38
0.358      3934.51    3930.69      17.89
0.360      3935.18    3931.35      61.98
0.346      3934.46    3930.64      56.53
0.349      3934.14    3930.32      46.40
0.360      3935.17    3931.35      56.42
0.354      3933.88    3930.05      62.48
0.329      3931.06    3927.24      37.34
0.339      3929.68    3925.86      46.31
0.347      3929.74    3925.92      47.76
0.339      3928.82    3925.00      50.11
0.350      3929.07    3925.25      47.64
0.338      3927.55    3923.73      49.09
0.339      3927.67    3923.86      48.63
0.341      3929.79    3925.98      49.67
0.339      3928.00    3924.18      44.94
0.340      3927.49    3923.68      46.09
0.329      3928.18    3924.36      53.75
0.340      3928.45    3924.64      56.64
0.355      3928.27    3924.46      56.62
0.331      3926.68    3922.86      33.03
0.342      3926.64    3922.83      15.69
0.344      3926.90    3923.09      15.49
0.357      3927.04    3923.23      15.77
0.347      3926.67    3922.86      16.19
0.345      3926.77    3922.95      15.56
0.347      3927.86    3924.04      32.40
1.645      3931.77    3927.95     259.03
0.351      3595.66    3591.85      93.82
0.358      3639.48    3635.67      52.68
0.352      3683.42    3679.61      54.22
0.348      3726.71    3722.90      54.48
0.337      3769.05    3765.24      48.36
0.353      3813.04    3809.23      53.50
0.365      3856.33    3852.52      64.99
0.360      3897.67    3893.86      69.73
0.355      3931.42    3927.61      64.91
0.370      3931.96    3928.15      56.88
0.368      3931.52    3927.71      55.63
0.336      3531.78    3527.96      56.82
0.327      3400.83    3397.02      50.61
0.321      3438.52    3434.71      51.45
0.329      3477.82    3474.01      53.00
0.343      3518.45    3514.64      53.39
0.322      3557.77    3553.96      51.03
0.321      3596.27    3592.46      52.34
0.324      3635.26    3631.45      54.65
0.325      3675.39    3671.58      55.51
0.324      3713.81    3710.00      51.68
0.325      3750.24    3746.43      51.28
0.325      3784.67    3780.86      50.73
0.327      3824.96    3821.14     163.98
0.321      3500.55    3496.74      41.20
0.318      3500.01    3496.20       3.31
0.317      3500.01    3496.20       2.92
0.321      3500.01    3496.20       2.93
0.317      3500.01    3496.20       2.99
0.321      3532.34    3528.53      53.23
0.315      3568.11    3564.30      50.75
0.319      3591.83    3588.02      44.68
0.334      3593.98    3590.16      55.86
0.341      3597.64    3593.83      81.16
0.334      3600.49    3596.68      84.59
0.324      3603.75    3599.94      51.00
0.333      3607.25    3603.44      54.75
0.340      3462.44    3458.63      47.42
0.331      3504.16    3500.35      48.49
0.344      3548.10    3544.29      46.85
0.336      3588.38    3584.57      43.12
0.335      3616.81    3613.00      43.51
0.335      3619.05    3615.24      48.33
0.333      3621.14    3617.33      42.62
0.320      3622.50    3618.68      45.99
0.321      3622.60    3618.79      42.38
0.321      3623.02    3619.21      41.81
0.321      3623.65    3619.84      41.95
0.322      3623.64    3619.82      34.40
0.323      3625.32    3621.51      41.84
0.321      3625.71    3621.89      41.55
0.323      3624.21    3620.39      42.55
0.323      3623.89    3620.08      42.82
0.323      3624.65    3620.84      42.96
0.322      3625.17    3621.36      42.57
0.319      3625.43    3621.62      42.12
0.324      3626.55    3622.73      41.79
0.322      3626.93    3623.12      41.66
0.322      3627.04    3623.23      42.86
0.322      3631.51    3627.70      41.89
0.321      3632.79    3628.98       8.21
1.293      3637.82    3634.01      41.18
0.321      3643.28    3639.46      41.70
0.321      3648.66    3644.85      41.12
0.324      3655.02    3651.21      41.68
0.323      3662.56    3658.75      43.09
0.322      3666.95    3663.14      42.13
0.322      3672.09    3668.27      41.14
0.324      3679.07    3675.26      41.58
0.335      3688.51    3684.70      43.61
0.329      3694.79    3690.98      41.47
0.330      3699.21    3695.40      40.01
0.329      3179.46    3175.64      34.41
0.331      3217.53    3213.72      35.61
0.346      3259.83    3256.02      36.31
0.349      3302.71    3298.90      36.83
0.349      3345.39    3341.58      37.40
0.340      3388.04    3384.23      36.80
0.344      3400.90    3397.09       7.13
2.007      3432.86    3429.04      35.27
0.344      3471.47    3467.66      37.46
0.357      3515.05    3511.23      37.23
0.346      3556.21    3552.40      36.57
0.345      3595.49    3591.68      37.47
0.345      3639.43    3635.62      39.20
0.344      3679.56    3675.75      40.29
0.350      3709.30    3705.49      39.84
0.364      3716.52    3712.71      39.75
0.364      3724.49    3720.68      39.59
0.367      3732.29    3728.47      40.20
0.365      3739.81    3736.00      39.96
0.368      3746.65    3742.84      39.74
0.368      3757.97    3754.16      40.03
0.369      3765.73    3761.92      39.20
0.369      3772.13    3768.32      39.32
0.369      3779.60    3775.79      41.39
0.367      3786.52    3782.71      39.66
0.341      3794.13    3790.32      39.74
0.351      3793.47    3789.66      40.28
0.337      3793.84    3790.03      36.29
0.338      3794.09    3790.27      39.74
0.343      3794.98    3791.17      38.04
0.341      3794.43    3790.61      40.23
0.350      3794.67    3790.86      41.45
0.340      3793.26    3789.45      39.37
0.339      3793.35    3789.54      36.40
0.344      3794.44    3790.63      37.75
0.340      3793.67    3789.86      39.60
0.346      3794.56    3790.75      41.09
0.340      3793.67    3789.86      40.45
0.349      3793.90    3790.09      38.86
0.340      3793.64    3789.82      37.12
0.342      3792.11    3788.30      34.90
0.343      3790.87    3787.06       7.03
0.336      3791.28    3787.47       7.21
0.343      3796.48    3792.67      40.46
0.338      3802.93    3799.12      40.12
0.351      3810.50    3806.69      41.84
0.341      3816.83    3813.02      40.64
0.340      3823.22    3819.41      37.00
0.359      3831.34    3827.53      38.65
0.367      3839.52    3835.71      40.89
0.344      3847.36    3843.55      40.69
0.353      3848.06    3844.25       6.04
0.803      3849.18    3845.36       7.43
0.343      3850.04    3846.23       7.52
0.362      3855.75    3851.94      25.23
0.360      3861.75    3857.94      37.90
0.344      3869.12    3865.31      38.22
0.341      3876.91    3873.09      37.25
0.344      3885.72    3881.91      38.98
0.345      3894.48    3890.67      41.08
0.345      3905.73    3901.92      39.12
0.345      3911.50    3907.69      36.93
0.344      3916.56    3912.75      36.00
0.347      3924.96    3921.15      61.39
0.345      3933.06    3929.25      40.67
0.347      3938.95    3935.14      56.97
0.345      3945.27    3941.45      52.27
0.348      3953.01    3949.20      38.61
0.346      3960.49    3956.68      40.89
0.350      3967.00    3963.19      57.89
0.347      3972.87    3969.06      52.19
0.351      3981.27    3977.46      42.41
0.366      3986.57    3982.76      64.07
0.382      3986.64    3982.83      57.94
0.365      3986.68    3982.87      40.11
0.346      3987.18    3983.37      54.29
0.347      3987.61    3983.80      52.07
0.345      3987.18    3983.37      57.96
0.351      3984.29    3980.47      73.35
0.346      3984.39    3980.57      58.30
0.349      4008.82    4005.01     106.51
0.345      3985.45    3981.64     100.98
0.332      3999.27    3995.45     134.05
0.325      3981.32    3977.51     128.40
0.330      3979.84    3976.02      77.64
0.333      3978.71    3974.90      80.93
0.326      3979.18    3975.37      74.59
0.343      3979.23    3975.42      73.36
0.346      3978.65    3974.84      53.78
0.361      3977.96    3974.15      47.20
0.363      3973.34    3969.53      31.05
0.348      3976.71    3972.90      20.75
0.355      3974.49    3970.68      51.16
0.346      3972.78    3968.96      51.99
0.357      3972.01    3968.20      52.27
0.350      3881.17    3877.36      39.53
0.352      3478.77    3474.96      52.92
0.330      3518.87    3515.06      51.05
0.328      3542.51    3538.70      53.46
0.342      3555.28    3551.46      56.39
0.342      3566.09    3562.27      52.24
0.342      3567.22    3563.41       8.44
0.486      3568.29    3564.48       8.11
0.345      3574.64    3570.83      20.00
0.340      3585.51    3581.70      50.44
0.325      3511.14    3507.33      52.10
0.339      3550.08    3546.27      54.50
0.339      3590.05    3586.24      54.71
0.339      3603.18    3599.36      53.49
0.331      3614.87    3611.06      58.42
0.340      3626.43    3622.61      59.53
0.336      3638.22    3634.41      58.71
0.315      3648.80    3644.99      56.45
0.329      3662.09    3658.28      57.34
0.343      3674.52    3670.70      54.63
0.343      3685.02    3681.20      55.25
0.330      3693.59    3689.78      56.05
0.343      3702.05    3698.24      56.95
0.343      3712.27    3708.46      60.41
0.335      3718.01    3714.20      57.30
0.344      3721.48    3717.66      54.66
0.333      3724.84    3721.02      53.39
0.330      3728.83    3725.02      54.44
0.334      3733.32    3729.50      57.90
0.330      3739.32    3735.51      59.52
0.331      3742.56    3738.75      53.60
0.330      3741.39    3737.58       3.89
0.345      3741.39    3737.58       2.88
0.338      3741.67    3737.86       6.39
0.331      3737.87    3734.05       2.93
0.339      3738.25    3734.44       3.33
0.344      3738.25    3734.44       2.86
0.319      3747.76    3743.95      55.50
0.317      3752.35    3748.54      53.95
0.318      3755.03    3751.22      52.55
0.319      3758.08    3754.27      52.26
0.319      3761.19    3757.38      49.79
0.319      3765.00    3761.19      48.71
0.318      3768.86    3765.05      49.05
0.319      3772.67    3768.86      49.76
0.319      3778.93    3775.11      53.18
0.318      3781.91    3778.09      49.55
0.320      3786.11    3782.30      50.99
0.318      3789.25    3785.44      50.97
0.334      3792.30    3788.49      51.55
0.326      3795.94    3792.13      51.13
0.332      3800.48    3796.67      53.32
0.326      3804.75    3800.94      50.91
0.333      3808.14    3804.33      49.59
0.343      3807.77    3803.95       3.23
0.339      3808.62    3804.81      10.24
0.328      3808.62    3804.81       2.95
0.335      3813.03    3809.22      47.61
0.341      3816.52    3812.70      53.36
0.342      3821.27    3817.46      55.80
0.338      3826.91    3823.10      53.59
0.348      3832.03    3828.22      54.00
0.341      3837.26    3833.45      54.04
0.334      3838.32    3834.50      46.33
0.334      3838.52    3834.70       8.52
0.349      3844.08    3840.27      53.07
0.338      3847.30    3843.49      51.09
0.324      3851.14    3847.33      40.43
0.332      3854.72    3850.91      45.98
0.330      3857.71    3853.90      47.68
0.344      3861.88    3858.07      48.19
0.351      3862.41    3858.60      14.79
0.719      3866.70    3862.89      48.03
0.337      3873.70    3869.89      48.83
0.332      3877.64    3873.83      48.05
0.333      3882.91    3879.09      48.61
0.334      3887.26    3883.45      49.32
0.335      3891.86    3888.04      52.13
0.336      3895.87    3892.06      51.32
0.335      3900.48    3896.67      50.63
0.336      3905.24    3901.43      52.52
0.336      3908.46    3904.65      46.07
0.335      3913.04    3909.23      55.08
0.336      3918.61    3914.79      51.20
0.337      3922.18    3918.37      54.48
0.337      3926.11    3922.30      55.98
0.336      3929.91    3926.10      55.38
0.336      3933.73    3929.92      57.85
0.336      3938.11    3934.29      58.75
0.338      3942.34    3938.53      57.75
0.337      3947.47    3943.66      58.93
0.337      3952.32    3948.51      58.79
0.339      3957.89    3954.08      62.36
0.340      3962.41    3958.59      59.37
0.340      3966.79    3962.98      58.45
0.340      3970.13    3966.32      61.31
0.339      3969.70    3965.89      55.51
0.340      3972.02    3968.21      58.92
0.341      3972.57    3968.76      61.26
0.340      3971.82    3968.01      59.03
0.340      3971.50    3967.68      58.78
0.340      3970.15    3966.34      43.26
0.340      3970.53    3966.72      16.63
0.340      3970.20    3966.38      16.02
0.340      3973.00    3969.19     145.22
0.322      3622.77    3618.96      78.44
0.318      3622.99    3619.18       3.46
0.320      3619.43    3615.61       2.88
0.317      3618.59    3614.77       2.85
0.318      3618.59    3614.77       2.84
0.318      3618.59    3614.77       2.85
0.319      3639.50    3635.68      41.20
0.319      3676.93    3673.12      44.90
0.321      3701.14    3697.33      32.23
0.322      3739.04    3735.23      48.73
0.313      3077.23    3073.42     159.30
0.307      3113.43    3109.62      59.47
0.307      3149.41    3145.60      62.58
0.305      3185.41    3181.60      66.02
0.310      3222.66    3218.85      93.52
0.311      3260.41    3256.60     103.42
0.312      3298.44    3294.63     118.23
0.326      3161.95    3158.14     157.49
0.324      3202.90    3199.09     170.78
0.325      3245.04    3241.23     123.77
0.325      3283.19    3279.38     156.38
0.326      3323.94    3320.13     180.17
0.303      2784.39    2780.58     224.46
0.294      2758.39    2754.58     189.89
0.296      2791.15    2787.34     188.67
0.298      2826.62    2822.81     132.80
0.295      2861.46    2857.65     208.21
0.299      2897.24    2893.43     124.14
0.299      2930.79    2926.98     209.17
0.302      3007.39    3003.58     550.03
0.304      3061.27    3057.45     369.93
0.305      3185.48    3181.67     226.67
0.306      3221.51    3217.70      35.89
0.309      3258.24    3254.43      33.82
0.310      3295.25    3291.43      34.33
0.310      3332.16    3328.34      35.92
0.310      3368.78    3364.97      34.42
0.312      3402.11    3398.30      36.66
0.312      3438.68    3434.87      38.23
0.312      3474.89    3471.08      34.91
0.312      3509.16    3505.35      35.56
0.311      3545.36    3541.54      35.63
0.311      3581.85    3578.04      36.48
0.311      3618.64    3614.82      35.93
0.312      3651.45    3647.63      37.48
0.313      3688.07    3684.26      34.64
0.315      3725.52    3721.71      36.60
0.315      3758.93    3755.11      35.34
0.317      3796.28    3792.47      36.17
0.320      3832.45    3828.64      37.54
0.327      3868.91    3865.10      38.79
0.318      3906.75    3902.94      36.54
0.322      3940.12    3936.31      35.25
0.321      3978.87    3975.06      35.55
0.324      3997.32    3993.50      37.01
0.326      3993.21    3989.39      36.68
0.324      3996.22    3992.41       7.00
0.324      3995.29    3991.47      35.85
0.325      3996.31    3992.50      37.86
0.325      3995.63    3991.82      35.44
0.325      3996.70    3992.89      30.42
0.330      3997.97    3994.16      37.58
0.327      3997.08    3993.27      38.07
0.327      3997.36    3993.54      36.27
0.328      3996.87    3993.06      38.25
0.329      3995.64    3991.83      36.39
0.324      3995.82    3992.01      35.24
0.326      3996.98    3993.16       7.63
0.324      3997.62    3993.81       7.29
0.331      3997.71    3993.90      35.59
0.336      3996.52    3992.70      37.39
0.331      3997.40    3993.59      38.36
0.341      3996.50    3992.68      38.75
0.336      3996.55    3992.74      40.25
0.326      3995.83    3992.02      27.16
0.327      3995.34    3991.53      35.99
0.330      3997.52    3993.70      36.41
0.333      3997.37    3993.56      38.91
0.324      3997.46    3993.65      36.53
0.329      3997.41    3993.59      36.44
0.327      3998.76    3994.95      37.09
0.326      3998.75    3994.94      38.75
0.328      4000.11    3996.29      36.44
0.327      4000.33    3996.52      36.02
0.331      4001.79    3997.98      38.69
0.332      3999.15    3995.34      38.40
0.334      3999.56    3995.75      37.18
0.330      3999.34    3995.53      36.68
0.329      3999.74    3995.93      37.09
0.329      3999.57    3995.75      38.80
0.328      3999.36    3995.54      37.70
0.329      3998.46    3994.65      36.25
0.327      3999.20    3995.39      36.59
0.329      3999.26    3995.45      36.83
0.331      3999.59    3995.78      36.64
0.334      3999.50    3995.68      38.31
0.339      3879.36    3875.55      45.71
0.339      4019.80    4015.99     168.77
0.320      3894.67    3890.86      92.69
0.319      3982.37    3978.56     169.83
0.322      3998.50    3994.69      37.99
0.319      3998.45    3994.64      36.29
0.322      3998.22    3994.41      37.40
0.322      3998.46    3994.65      36.59
0.324      3998.21    3994.39      36.98
0.323      3999.40    3995.59      36.57
0.323      3996.39    3992.58      36.82
0.325      3997.61    3993.80      37.23
0.322      3997.86    3994.05      36.43
0.323      3997.94    3994.13      37.12
0.322      3997.20    3993.39      36.89
0.323      3999.03    3995.22      36.77
0.322      3997.21    3993.39      10.14
0.321      3996.82    3993.01      33.50
0.332      3997.11    3993.30      34.57
0.332      3995.97    3992.16      34.26
0.334      3996.55    3992.74      34.77
0.348      3996.01    3992.20      34.26
0.338      3993.26    3989.45      32.58
0.341      3989.66    3985.85      51.32
0.345      3990.37    3986.56      52.09
0.335      3990.73    3986.92     123.98
0.359      3991.05    3987.24     179.66
0.361      3989.99    3986.18      35.13
0.359      3992.14    3988.33      70.61
0.365      3993.45    3989.64      72.28
0.355      3993.71    3989.90      76.38
0.352      3994.02    3990.21      46.57
0.345      3993.86    3990.05      46.85
0.341      3992.66    3988.85      47.80
0.357      3993.34    3989.53      48.11
0.369      3996.71    3992.90      49.93
0.361      3995.98    3992.17      79.04
0.347      3936.82    3933.00      47.11
0.327      3974.16    3970.34      46.00
0.331      3995.52    3991.71      46.82
0.337      3995.73    3991.92      47.83
0.332      3995.46    3991.65      46.61
0.332      3995.31    3991.50      47.13
0.344      3932.39    3928.58      49.98
0.337      3973.86    3970.05      49.43
0.340      3996.27    3992.46      49.98
0.338      3996.84    3993.03      49.62
0.339      3996.27    3992.45      30.84
0.338      3996.50    3992.68      49.59
0.339      3996.58    3992.77      48.96
0.347      3996.19    3992.38      51.12
0.338      3997.09    3993.27      49.21
0.340      3997.24    3993.43      48.91
0.338      3997.50    3993.69      47.36
0.339      3997.47    3993.66      49.54
0.338      3998.22    3994.41      48.82
0.339      3997.19    3993.38      48.12
0.313      3215.88    3212.06      71.98
0.305      3303.31    3299.50     118.85
1.781      3334.07    3330.25      48.91
0.307      3372.48    3368.67      55.36
0.315      3408.64    3404.83      60.12
0.326      3432.23    3428.41      53.96
0.322      3472.30    3468.49      65.11
0.323      3511.33    3507.52      68.84
0.324      3550.51    3546.70      75.41
0.324      3588.29    3584.47      68.07
0.331      3627.99    3624.18     135.89
0.325      3663.94    3660.13      77.20
0.324      3701.76    3697.95      79.99
0.316      3739.04    3735.23      87.36
0.316      3774.07    3770.25     105.72
0.317      3809.52    3805.71     125.24
0.329      3846.64    3842.82      95.08
0.338      3883.70    3879.89      90.51
0.334      3923.64    3919.83      91.80
0.335      3960.11    3956.30      99.40
0.343      3999.81    3996.00     176.10
0.335      4001.38    3997.56     134.00
0.331      4001.48    3997.67     182.34
0.321      4002.09    3998.28       4.98
0.337      4001.92    3998.11      29.15
0.325      4001.91    3998.10       2.87
0.333      4007.04    4003.23     140.30
0.322      4001.14    3997.32     177.18
0.324      4001.38    3997.57     121.20
0.337      4000.65    3996.84     126.41
0.337      4000.79    3996.98     123.57
0.322      4001.16    3997.35     122.53
0.326      4001.09    3997.28     119.21
0.322      4001.43    3997.62      82.73
0.322      4001.37    3997.56      15.73
0.321      4001.03    3997.22     120.19
0.339      3999.94    3996.13     172.38
0.340      4001.71    3997.89      72.37
0.352      3999.57    3995.75     134.96
0.329      4001.11    3997.29     115.29
0.327      3999.23    3995.42     229.73
0.340      3997.41    3993.60     123.61
0.354      3999.58    3995.77     131.78
0.353      4005.77    4001.96     111.83
0.345      3999.88    3996.07     119.66
0.339      4000.23    3996.42     105.83
0.353      3999.89    3996.08     122.66
0.341      4000.63    3996.82     130.95
0.341      3999.86    3996.05     116.91
0.355      3999.77    3995.96      94.25
0.354      4000.73    3996.92      99.29
0.356      3999.28    3995.47     113.35
0.355      3999.36    3995.55     106.26
0.356      3998.64    3994.83     198.05
0.354      3998.98    3995.17     122.45
0.351      3998.61    3994.80     169.93
0.354      3998.44    3994.63     115.91
0.342      3999.80    3995.99     202.83
0.344      4000.09    3996.28     139.62
0.336      3999.95    3996.14     119.86
0.343      3998.99    3995.18     112.36
0.359      4000.01    3996.20     203.23
0.352      3999.39    3995.58      61.23
0.343      3998.64    3994.83     190.52
0.359      3998.28    3994.47      43.66
0.354      3998.19    3994.38      43.18
0.342      3998.79    3994.97      48.59
0.346      3998.37    3994.56      42.95
0.342      3998.16    3994.34      47.48
0.357      3998.70    3994.89      45.96
0.357      3998.49    3994.68      47.17
0.345      3999.17    3995.36      15.09
0.331      3999.34    3995.53      15.05
0.330      3998.71    3994.89      19.24
0.332      3999.84    3996.03      44.78
0.330      3999.54    3995.73      43.78
0.330      4000.01    3996.20      43.74
0.329      3997.40    3993.59      46.51
0.329      3996.98    3993.16      49.73
0.332      3998.17    3994.36      46.58
0.330      3997.88    3994.07      50.75
0.332      3997.67    3993.86      50.89
0.332      3999.29    3995.48      23.14
0.337      3999.52    3995.71     230.61
0.328      3999.29    3995.48      49.16
0.322      3650.67    3646.86      13.71
0.319      3679.60    3675.79      35.14
0.318      3717.29    3713.48      35.45
0.322      3754.79    3750.98      35.78
0.324      3792.88    3789.07      35.82
0.324      3831.29    3827.48      38.92
0.337      3870.37    3866.56      41.32
0.325      3910.69    3906.88      39.56
0.324      3945.91    3942.10      39.78
0.334      3985.04    3981.22      40.48
0.341      4000.80    3996.98      42.48
0.346      4000.76    3996.95      42.39
0.355      4001.29    3997.48      37.42
0.350      4000.95    3997.13      46.29
0.341      3831.09    3827.28      36.01
0.353      3871.64    3867.82      37.79
0.356      3913.05    3909.24      37.95
0.352      3954.26    3950.45      37.64
0.331      3990.49    3986.68      36.53
0.332      4002.47    3998.66      36.74
0.332      4003.37    3999.56      36.38
0.334      4002.65    3998.84      36.76
0.348      4002.81    3999.00      38.70
0.361      3998.56    3994.75      38.38
0.359      4001.00    3997.18      38.38
0.358      4002.16    3998.35      38.32
0.342      4001.29    3997.48      37.63
0.353      4001.32    3997.50      38.04
0.353      3870.81    3867.00      43.94
0.355      3954.99    3951.18     115.16
0.367      3918.41    3914.60     118.48
0.340      3961.70    3957.89     153.18
0.344      3996.66    3992.84      38.94
0.353      3997.84    3994.03      43.59
0.337      3999.06    3995.25      47.77
0.351      3998.44    3994.63      50.07
0.351      3990.86    3987.04      55.87
0.352      3991.24    3987.43      55.79
0.352      3991.44    3987.63      56.57
0.352      3991.61    3987.79      66.45
0.352      3991.68    3987.86      65.49
0.348      3991.73    3987.92      66.13
0.347      3991.91    3988.10      65.13
0.347      3992.34    3988.53      65.23
0.348      3992.26    3988.45      82.72
0.346      3992.78    3988.97      82.00
0.340      3277.41    3273.60     131.32
0.331      3370.73    3366.92     151.70
0.331      3407.39    3403.58      73.76
0.332      3445.89    3442.08      80.59
0.334      3485.20    3481.39      85.57
0.331      3524.34    3520.52     102.66
0.321      3562.43    3558.62      88.03
0.332      3605.50    3601.69      87.57
0.324      3697.66    3693.84     178.28
0.334      3737.50    3733.69     114.04
0.332      3778.10    3774.29     115.96
0.341      3817.89    3814.08     117.31
0.339      3856.32    3852.50     146.66
0.345      3896.44    3892.63     155.56
0.344      3933.16    3929.35     153.40
0.341      3973.12    3969.31     158.72
0.343      3992.54    3988.72     147.27
0.350      3991.64    3987.83     176.67
0.339      3992.99    3989.18     159.52
0.333      3992.62    3988.80     201.76
0.347      4000.57    3996.76     177.09
0.349      3993.18    3989.37     213.08
0.346      3992.15    3988.34     138.13
0.350      3992.81    3989.00     141.88
0.344      3993.15    3989.34     140.10
0.346      3993.37    3989.56     136.86
0.344      3998.93    3995.11     218.95
0.342      3998.92    3995.11     116.72
0.347      4006.44    4002.63     128.12
0.351      3998.46    3994.65     100.07
0.342      4002.34    3998.53     101.35
0.344      4003.81    4000.00      96.13
0.343      4003.24    3999.43      94.65
0.344      4004.21    4000.40      94.68
0.311      4002.51    3998.70     149.50
0.312      4002.90    3999.09      58.65
0.319      4002.40    3998.59      61.36
0.332      4002.82    3999.01      68.20
0.316      4002.27    3998.46      74.11
0.315      4002.79    3998.97      71.65
0.316      4002.66    3998.85      70.88
0.318      4003.41    3999.60      87.72
0.317      4001.70    3997.89     112.91
0.317      4002.85    3999.04      95.72
0.318      4004.04    4000.22      71.79
0.317      4003.40    3999.59      65.47
0.320      4003.33    3999.52      93.39
0.319      4004.12    4000.31      82.40
0.319      4004.41    4000.59      86.09
0.318      4004.00    4000.19      94.77
0.316      4004.34    4000.53     168.19
0.312      4008.63    4004.82     109.59
0.322      4003.34    3999.53     102.78
0.316      4003.06    3999.25      94.46
0.318      4003.62    3999.81      80.95
0.332      4002.68    3998.86      83.06
0.335      4003.31    3999.50      80.61
0.329      4003.40    3999.59     105.48
0.327      4003.29    3999.47      97.70
0.326      4003.79    3999.98      79.54
0.328      4003.11    3999.29      76.37
0.329      4002.18    3998.37     104.11
0.333      4004.62    4000.81     109.00
0.322      4005.09    4001.27      74.37
0.325      4005.66    4001.84      75.54
0.318      4004.48    4000.67      81.77
0.325      4005.29    4001.48      87.14
0.320      3978.79    3974.98     155.85
0.324      3924.67    3920.86     149.22
0.319      3960.77    3956.96     118.84
0.319      3998.37    3994.56     118.30
0.320      4006.10    4002.29     113.69
0.325      4006.96    4003.15     124.04
0.319      4005.50    4001.69     104.39
0.329      4006.04    4002.23     109.54
0.340      4004.81    4001.00      99.20
0.324      4004.51    4000.70      87.05
0.329      4005.52    4001.71      83.36
0.330      4005.97    4002.16      75.04
0.330      4005.48    4001.66      58.12
0.322      4002.88    3999.07     180.41
0.329      4002.88    3999.07      34.80
0.329      4003.76    3999.95      35.12
0.334      4002.15    3998.34      35.10
0.329      4003.34    3999.52      34.49
0.336      4002.74    3998.93      34.73
0.338      4003.41    3999.60      35.71
0.337      4003.59    3999.78      35.38
0.339      4004.18    4000.37      37.58
0.319      4003.71    3999.91      33.67
0.330      4003.82    4000.01      34.35
0.330      4003.46    3999.65      33.86
0.319      4003.62    3999.81      33.65
0.323      4003.79    3999.98      34.04
0.329      4003.09    3999.28      34.36
0.332      4003.53    3999.72      34.32
0.335      4003.20    3999.39      35.03
0.339      4004.34    4000.54      35.82
0.340      4004.69    4000.88      35.20
0.341      4002.20    3998.40      34.96
0.340      4004.21    4000.41      35.20
0.338      4001.95    3998.15      35.33
0.341      4000.82    3997.01      35.26
0.337      3999.17    3995.36      35.19
0.329      4002.96    3999.15      34.02
0.335      4004.20    4000.40      35.48
0.329      4001.98    3998.17      33.91
0.322      3999.64    3995.83      34.20
0.321      4002.88    3999.08      34.02
0.325      4002.11    3998.30      34.90
0.321      4002.71    3998.91      34.12
0.321      4001.32    3997.52      33.88
0.320      4003.68    3999.87      34.13
0.320      4004.38    4000.57      33.96
0.320      4004.41    4000.60      34.14
0.343      4011.20    4007.39      40.80
0.327      3545.64    3541.83     127.97
0.330      3577.00    3573.19      46.65
0.308      3484.04    3480.23      82.94
0.308      3543.37    3539.56     139.84
0.305      3493.31    3489.50     109.53
0.305      3543.76    3539.95     190.14
0.307      3566.53    3562.72      49.14
0.309      3590.02    3586.22      55.92
0.309      3615.29    3611.49      59.21
0.319      3639.52    3635.71      65.23
0.332      3663.70    3659.89      66.14
0.332      3689.44    3685.63      74.95
0.320      3718.66    3714.85      80.16
0.334      3743.37    3739.56      90.99
0.335      3768.10    3764.29      94.27
0.336      3789.72    3785.92      99.73
0.336      3810.86    3807.06     100.58
0.339      3836.89    3833.09      95.74
0.324      3865.78    3861.97      96.15
0.335      3888.85    3885.04      98.68
0.317      3911.26    3907.45     105.72
0.326      3934.16    3930.35     118.04
0.342      3958.42    3954.61     166.31
0.340      3983.88    3980.08     172.82
0.329      4004.25    4000.44     153.17
0.342      4006.11    4002.30     234.51
0.343      4005.84    4002.03     229.50
0.344      4006.00    4002.19     142.37
0.326      4004.19    4000.38     169.96
0.319      4004.16    4000.36     220.61
0.323      4006.06    4002.25     187.36
0.318      4005.44    4001.63     182.38
0.318      4005.26    4001.45     188.60
0.317      4005.41    4001.60     228.23
0.320      4007.33    4003.52     254.70
0.319      4006.28    4002.47     280.03
0.319      4007.58    4003.77     181.73
0.319      4006.52    4002.71     164.01
0.320      4009.71    4005.90     193.81
0.321      4013.11    4009.30     164.99
0.322      4010.36    4006.55     166.23
0.332      4006.65    4002.84     282.84
0.345      4006.39    4002.58     116.96
0.317      4007.30    4003.49      94.70
0.327      4007.61    4003.81      89.57
0.332      4006.95    4003.14     102.34
0.334      4006.76    4002.95     119.65
0.321      4005.91    4002.11     111.09
0.320      4007.46    4003.66     125.28
0.329      4006.88    4003.07     136.18
0.328      4007.08    4003.27     128.55
0.325      4006.65    4002.84     123.67
0.347      4006.54    4002.73     140.84
0.346      4006.91    4003.10     116.91
0.346      4006.64    4002.83     106.73
0.349      4008.17    4004.36      96.04
0.346      4005.50    4001.69      75.81
0.363      4017.84    4014.03     127.27
0.345      4004.24    4000.43      37.46
0.345      4034.59    4030.79     218.88
0.346      3935.52    3931.72      71.50
0.344      3959.55    3955.74      36.02
0.344      3987.39    3983.58      35.99
0.347      4006.57    4002.76      36.64
0.348      4007.24    4003.43      36.54
0.349      4005.67    4001.86      36.95
0.359      4005.14    4001.34      37.59
0.346      4003.75    3999.94      36.50
0.347      4006.91    4003.10      37.27
0.348      4006.59    4002.78      37.02
0.347      4009.57    4005.76      37.05
0.352      4008.74    4004.93      40.57
0.338      3913.89    3910.08      75.63
0.347      3860.16    3856.35      54.02
0.345      3838.61    3834.80      25.35
0.350      3859.12    3855.32      81.62
0.377      3826.37    3822.56      95.67
0.304      3183.67    3179.86      85.23
0.309      3220.50    3216.69      33.37
0.302      3256.92    3253.11      36.55
0.307      3291.39    3287.58      40.98
0.312      3326.11    3322.30      41.01
0.306      3361.65    3357.84      46.88
0.304      3394.99    3391.18      46.83
0.316      3428.03    3424.22      46.80
0.327      3457.51    3453.70      52.85
0.342      3484.55    3480.74      56.39
0.335      3514.55    3510.74      56.29
0.331      3541.60    3537.79      55.68
0.325      3568.54    3564.73      56.03
0.326      3595.27    3591.47      56.23
0.327      3622.11    3618.31      69.89
0.338      3650.06    3646.25      70.10
0.329      3677.66    3673.85      70.01
0.342      3701.39    3697.58      70.12
0.343      3729.75    3725.94      69.96
0.334      3756.96    3753.15      69.88
0.345      3794.64    3790.84      88.03
0.347      3864.33    3860.52     116.06
0.344      3890.46    3886.65      69.52
0.341      3917.62    3913.81      68.90
0.336      3939.68    3935.87     104.55
0.339      3964.49    3960.68     107.00
0.324      3989.24    3985.43     104.95
0.331      4004.78    4000.97     105.19
0.328      4005.70    4001.89     102.87
0.339      4005.31    4001.50     102.01
0.346      4012.94    4009.13     105.39
0.350      4006.68    4002.87     105.59
0.338      4004.93    4001.12      96.74
0.353      4005.50    4001.69      93.24
0.344      4006.76    4002.95      89.31
0.340      4007.39    4003.59      85.80
0.341      4009.12    4005.31      82.08
0.344      4007.42    4003.61      79.90
0.343      4006.65    4002.84      67.82
0.351      4009.39    4005.58      58.20
0.349      4006.95    4003.15     142.30
0.336      3316.14    3312.33      30.88
0.343      3347.68    3343.87      30.76
0.341      3376.23    3372.42      30.87
0.341      3403.60    3399.79      31.00
0.333      3431.58    3427.77      31.17
0.346      3460.49    3456.68      31.28
0.345      3487.68    3483.87      31.32
0.347      3515.16    3511.36      31.53
0.346      3543.79    3539.99      31.46
0.334      3568.67    3564.86      29.38
0.336      3579.35    3575.54      29.72
0.350      3606.14    3602.33      31.88
0.345      3634.13    3630.33      32.08
0.333      3659.68    3655.88      41.80
0.325      3684.55    3680.74      40.42
0.323      3709.43    3705.63      33.95
0.326      3732.99    3729.18      34.86
0.340      3754.87    3751.06      34.98
0.339      3779.27    3775.46      34.80
0.340      3800.72    3796.91      35.09
0.341      3811.88    3808.07      20.86
0.326      3799.23    3795.42       5.56
0.341      3788.46    3784.65       9.53
0.334      3418.54    3414.73     100.61
0.314      3391.70    3387.90      67.23
0.326      3417.66    3413.85      49.56
0.315      3405.70    3401.89      32.95
0.327      3431.66    3427.86      32.22
0.328      3451.78    3447.97      32.56
0.319      3472.17    3468.36      31.48
0.317      3492.33    3488.52      33.13
0.331      3513.93    3510.13      33.30
0.331      3533.77    3529.96      33.30
0.332      3554.75    3550.95      33.03
0.326      3572.66    3568.85      33.15
0.321      3593.49    3589.68      34.16
0.335      3615.99    3612.18      33.83
0.336      3634.20    3630.39      33.85
0.335      3655.30    3651.49      34.18
0.326      3673.62    3669.81      33.64
0.317      3694.62    3690.81      33.65
0.329      3599.20    3595.39      34.37
0.320      3621.79    3617.98      46.95
0.318      3644.57    3640.76      46.74
0.329      3669.02    3665.21      48.45
0.330      3692.86    3689.05      48.58
0.345      3717.55    3713.75      48.88
0.338      3740.63    3736.83      48.51
0.325      3766.91    3763.11      47.64
0.329      3788.97    3785.16      48.71
0.334      3809.90    3806.09      48.86
0.328      3832.12    3828.31      48.36
0.333      3853.36    3849.56      48.75
0.334      3876.06    3872.25      48.95
0.349      3897.43    3893.63      49.41
0.329      3917.47    3913.66      48.25
0.325      3935.62    3931.81      47.43
0.340      3304.32    3300.51      47.80
0.347      3344.67    3340.86      48.04
0.345      3383.05    3379.23      47.48
0.326      3422.05    3418.24      46.36
0.337      3462.22    3458.41      48.08
0.348      3500.21    3496.39      48.58
0.348      3543.47    3539.66      48.68
0.346      3583.09    3579.28      48.70
0.349      3623.14    3619.33      49.61
0.357      3666.43    3662.62      49.82
0.368      3710.40    3706.59      49.66
0.373      3754.69    3750.88      50.58
0.358      3798.82    3795.01      50.00
0.375      3843.57    3839.76      50.76
0.367      3884.01    3880.20      49.99
0.347      3925.88    3922.07      48.92
0.344      3965.87    3962.05      48.42
0.348      3981.12    3977.31      23.01
5.969      3988.00    3984.21      50.30
0.354      3999.13    3995.33      50.77
0.354      4008.85    4005.05      50.79
0.369      4010.16    4006.36      51.91
0.378      4010.06    4006.26      51.22
0.371      4010.34    4006.55      51.89
0.354      4008.96    4005.17      50.43
0.373      4009.67    4005.88      52.43
0.388      4009.45    4005.65      52.12
0.388      4007.56    4003.77      49.61
0.371      4007.25    4003.45      43.68
0.374      4009.20    4005.40      42.70
0.389      4008.58    4004.78      37.26
0.376      4007.09    4003.30      36.76
0.367      4007.18    4003.39      36.78
0.384      4007.17    4003.37      36.90
0.382      4007.40    4003.60      36.63
0.386      4007.21    4003.42      37.00
0.383      4007.31    4003.51      36.99
0.369      4006.59    4002.79      34.66
0.356      4005.25    4001.45      35.35
0.376      4005.88    4002.08      38.14
0.392      4006.29    4002.49      38.02
0.392      4006.89    4003.09      37.82
0.387      4006.07    4002.27      37.45
0.384      4006.11    4002.31      37.61
0.385      4008.03    4004.23      37.22
0.388      4006.77    4002.97      37.69
0.373      4006.58    4002.79      37.39
0.362      4006.18    4002.38      34.59
0.376      4007.25    4003.46      38.02
0.380      4007.02    4003.22      36.49
0.371      4008.87    4005.07      37.18
0.370      4007.27    4003.48      34.83
0.363      4008.01    4004.21      36.55
0.376      4005.57    4001.78      16.05
0.351      3625.54    3621.75       5.48
0.344      3628.33    3624.53       4.85
0.344      3629.23    3625.43       4.92
0.343      3630.19    3626.39       4.93
0.344      3630.73    3626.93       4.85
0.344      3631.41    3627.62       4.58
0.336      3631.96    3628.17       4.63
0.330      3632.93    3629.14       4.89
0.343      3639.47    3635.67      20.11
0.335      3649.09    3645.29      33.47
0.326      3659.16    3655.36      34.78
0.326      3669.38    3665.59      33.46
0.327      3688.29    3684.49      67.82
0.304      3382.04    3378.25     239.24
0.307      3340.26    3336.46      43.82
0.309      3376.07    3372.28      50.19
0.312      3412.24    3408.45      53.00
0.313      3448.98    3445.19      64.03
0.314      3447.46    3443.66      65.34
0.314      3484.37    3480.57      64.55
0.315      3520.68    3516.88      89.03
0.317      3557.13    3553.34     183.00
0.329      3666.49    3662.70     478.00
0.309      2991.11    2987.32     157.26
0.298      2990.32    2986.52       6.46
0.302      3019.66    3015.86      34.67
0.316      3055.69    3051.89      35.20
0.317      3091.72    3087.92      34.94
0.314      3128.05    3124.26      35.06
0.308      3163.39    3159.60      35.24
0.327      3200.20    3196.40      35.79
0.327      3237.89    3234.10      35.66
0.331      3276.23    3272.43      36.49
0.320      3313.65    3309.86      35.09
0.317      3350.06    3346.26      35.81
0.330      3387.60    3383.80      35.55
0.326      3425.41    3421.61      35.89
0.346      3087.85    3084.05     129.96
0.339      3069.18    3065.38      75.85
0.350      3077.65    3073.85      34.45
0.339      3122.01    3118.21      34.12
0.336      3163.71    3159.91      34.28
0.343      3206.72    3202.93      33.92
0.358      3251.23    3247.43      34.23
0.292      1637.87    1634.07      33.86
0.260      1667.73    1663.94      33.30
0.262      1698.00    1694.20      33.46
0.264      1728.68    1724.88      33.77
0.262      1758.73    1754.93      33.33
0.264      1789.34    1785.54      33.88
0.264      1819.77    1815.97      33.49
0.265      1850.94    1847.14      34.02
0.262      1881.23    1877.43      33.40
0.258      1911.50    1907.70      33.51
0.265      1942.53    1938.73      33.95
0.264      1972.79    1969.00      33.61
0.266      2003.30    1999.50      33.68
0.266      2033.67    2029.87      33.36
0.259      1649.75    1645.95      31.85
0.244      1284.88    1281.09      45.48
0.235       902.57     898.77      50.48
0.230       923.12     919.33      25.70
0.233       945.18     941.38      26.98
0.234       965.90     962.10      25.57
0.234       987.66     983.86      26.91
0.236      1009.14    1005.35      26.58
0.236      1029.93    1026.13      25.50
0.235      1051.30    1047.50      26.44
0.242      1007.84    1004.04      45.45
0.225       666.55     662.69      34.57
0.221       666.55     662.69       0.24
0.220       666.58     662.45       3.26
0.223       544.00     538.82      26.88
0.217       577.88     572.04      33.14
0.217       609.02     603.18      27.43
0.214       642.16     636.33      30.78
0.217       673.29     667.46      30.75
0.219       704.40     698.56      27.77
0.221       736.08     730.05      29.37
0.227       767.83     761.77      51.32
0.225       800.36     794.30      29.09
0.226       835.88     829.62      35.93
0.228       868.54     862.25      31.36
0.266       407.34     407.32      30.31
ERROR: can't open /proc/1619367/clear_refs (older kernel?): No such file or directory at ../wss.pl line 203.
