Watching PID 913986 page references for every 0.2 seconds...
Est(s)     RSS(MB)    PSS(MB)    Ref(MB)
0.212       459.02     454.64      21.53
0.207       459.02     454.64       2.43
0.207       459.02     454.64       2.43
0.208       459.02     454.64       2.43
0.209       459.02     454.64       2.44
0.210       459.02     454.64       2.43
0.210       459.02     454.64       2.43
0.210       459.02     454.64       2.43
0.210       459.27     454.81       3.90
0.215       518.68     514.17      73.06
0.216       542.91     538.39      49.13
0.216       564.78     560.26      44.75
0.217       549.35     544.83      24.75
0.219       570.14     565.63      22.57
0.217       591.91     587.39      23.49
0.218       612.01     607.49      22.12
0.218       632.00     627.48      21.86
0.220       652.65     648.13      22.62
0.221       673.48     668.96      22.68
0.220       692.67     688.15      20.97
0.221       713.98     709.46      23.23
0.219       734.48     729.96      22.30
0.220       756.77     752.25      24.59
0.221       779.20     774.68      24.36
0.222       802.04     797.52      24.61
0.222       809.22     804.70       8.99
0.222       811.77     807.25       5.37
0.223       814.41     809.89       5.50
0.225       818.80     814.29       7.06
0.224       841.06     836.54      23.87
0.223       863.54     859.02      24.22
0.225       885.87     881.35      24.29
0.227       909.20     904.68      24.24
0.227       930.33     925.81      22.93
0.225       951.71     947.19      23.47
0.226       972.61     968.09      22.51
0.226       994.88     990.36      24.05
0.227      1016.84    1012.33      23.65
0.227      1038.96    1034.44      23.30
0.226      1061.77    1057.25      24.32
0.227      1084.62    1080.10      24.41
0.228      1110.52    1106.00      27.08
0.227      1133.39    1128.87      24.24
0.229      1156.47    1151.95      24.82
0.229      1179.50    1174.98      24.44
0.229      1189.61    1185.09      11.22
1.632      1215.65    1211.13      29.03
0.231      1243.51    1238.99      28.71
0.233      1271.53    1267.01      29.31
0.232      1299.49    1294.97      29.12
0.233      1327.48    1322.96      29.07
0.234      1355.86    1351.34      29.26
0.233      1383.96    1379.45      29.29
0.234      1411.81    1407.29      29.14
0.234      1439.75    1435.24      28.86
0.233      1467.89    1463.38      28.80
0.234      1496.15    1491.63      29.34
0.234      1524.43    1519.91      29.25
0.235      1552.35    1547.83      29.16
0.236      1580.71    1576.20      29.30
0.236      1609.05    1604.53      29.24
0.235      1533.86    1529.34      30.94
0.235      1562.17    1557.65      29.30
0.236      1590.53    1586.01      29.34
0.236      1618.87    1614.35      29.24
0.238      1647.85    1643.33      29.79
0.238      1676.71    1672.19      29.88
0.237      1704.93    1700.41      29.33
0.238      1733.49    1728.97      29.44
0.239      1762.43    1757.91      29.71
0.240      1791.11    1786.59      29.72
0.240      1820.32    1815.81      29.93
0.241      1849.23    1844.71      29.89
0.242      1878.12    1873.60      29.94
0.243      1907.26    1902.74      29.97
0.247      1936.77    1932.25      30.16
0.266      1967.67    1963.15      30.94
0.268      1999.70    1995.19      31.53
0.272      2031.75    2027.23      31.71
0.271      2063.79    2059.27      31.56
0.272      2096.29    2091.78      31.78
0.275      2128.72    2124.20      32.06
0.274      2161.45    2156.94      31.94
0.275      2193.70    2189.19      31.69
0.277      2226.40    2221.88      31.90
0.277      2259.46    2254.95      31.93
0.277      2292.51    2287.99      32.27
0.279      2325.55    2321.03      32.33
0.279      2358.75    2354.24      32.34
0.280      2392.09    2387.58      32.43
0.282      2425.01    2420.49      32.21
0.283      2458.45    2453.93      32.42
0.283      2491.94    2487.42      32.24
0.285      2525.58    2521.06      32.62
0.285      2559.61    2555.09      32.64
0.286      2593.36    2588.84      32.70
0.286      2627.23    2622.71      32.51
0.300      2662.76    2658.24      34.23
0.290      2698.02    2693.50      32.99
0.291      2732.18    2727.66      32.84
0.291      2766.86    2762.34      32.99
0.292      2801.20    2796.69      33.08
0.293      2835.61    2831.09      33.04
0.295      2870.48    2865.96      33.28
0.295      2905.11    2900.60      33.28
0.294      2939.82    2935.30      33.18
0.296      2974.57    2970.06      33.09
0.296      3009.75    3005.23      33.38
0.298      3044.87    3040.35      33.39
0.298      3080.04    3075.53      33.63
0.298      3115.00    3110.48      33.31
0.299      3150.38    3145.86      33.45
0.301      3185.75    3181.23      33.51
0.303      3221.54    3217.02      33.84
0.304      3257.28    3252.76      33.74
0.306      3293.50    3288.98      33.98
0.307      3329.60    3325.08      33.95
0.308      3365.98    3361.47      34.00
0.308      3402.29    3397.77      34.33
0.309      3438.30    3433.78      33.73
0.311      3474.79    3470.27      33.98
0.313      3511.33    3506.81      34.14
0.314      3548.43    3543.92      34.52
0.317      3585.56    3581.04      34.49
0.317      3623.28    3618.76      34.68
0.317      3660.66    3656.14      34.95
0.319      3682.52    3678.00      19.12
0.317      3687.89    3683.37       7.62
0.319      3693.72    3689.21       8.10
0.319      3699.04    3694.52       7.36
0.319      3704.80    3700.28       7.75
0.319      3710.15    3705.63       7.59
0.318      3715.85    3711.33       8.06
0.319      3721.43    3716.91       7.72
0.319      3726.59    3722.08       7.25
0.319      3732.33    3727.81       7.64
0.319      3737.80    3733.29       7.73
0.319      3743.25    3738.73       7.61
0.320      3748.44    3743.92       7.53
0.320      3754.00    3749.48       7.85
0.320      3759.62    3755.11       7.72
0.320      3763.66    3759.14       6.62
0.320      3766.92    3762.40       5.90
0.320      3769.35    3764.83       5.22
0.321      3772.34    3767.82       5.38
0.320      3775.25    3770.73       5.43
0.321      3780.38    3775.87       7.80
0.321      3786.00    3781.48       7.37
0.322      3791.33    3786.81       7.34
0.322      3796.88    3792.37       7.52
0.322      3802.59    3798.07       7.80
0.323      3808.42    3803.90       7.72
0.323      3814.54    3810.02       7.99
0.322      3819.86    3815.34       7.54
0.322      3825.07    3820.56       7.36
0.322      3830.79    3826.28       7.98
0.324      3865.99    3861.47      35.22
0.326      3904.89    3900.38      35.42
0.327      3940.36    3935.84      35.54
0.329      3979.42    3974.90      35.61
0.329      4018.41    4013.89      35.81
0.331      4039.16    4034.65      35.91
0.331      4045.90    4041.38      35.71
0.332      4042.40    4037.88      36.04
0.331      4042.43    4037.92      35.72
0.332      4042.18    4037.67      35.89
0.331      4041.87    4037.35      35.67
0.332      4041.61    4037.09      35.70
0.331      4041.48    4036.96      35.64
0.332      4041.52    4037.01      35.66
0.331      4041.01    4036.49      35.66
0.332      4041.16    4036.64      35.84
0.330      4040.70    4036.19      35.57
0.333      4041.06    4036.54      36.04
0.332      4040.41    4035.89      35.61
0.331      4040.44    4035.92      35.59
0.329      4040.06    4035.54      35.51
0.331      4039.89    4035.37      35.55
0.332      4039.93    4035.42      35.84
0.332      4040.12    4035.60      37.53
0.371      4040.03    4035.51      37.85
0.371      4039.54    4035.03      38.03
0.371      4039.34    4034.82      37.64
0.372      4039.68    4035.16      38.40
0.339      4038.83    4034.31      37.37
0.343      4038.73    4034.21      37.52
0.332      4038.69    4034.17      35.84
0.337      4038.19    4033.67      36.46
0.340      4038.05    4033.53      36.80
0.333      4038.23    4033.72      35.79
0.333      4037.60    4033.08      35.57
0.338      4037.79    4033.27      36.54
0.340      4037.97    4033.45      37.37
0.344      4037.79    4033.27      37.38
0.345      4036.41    4031.89       6.60
4.711      4037.62    4033.10      37.64
0.332      4037.16    4032.64      35.19
0.338      4037.46    4032.94      36.83
0.333      4037.14    4032.62      35.53
0.344      4037.29    4032.77      37.62
0.333      4037.14    4032.63      35.93
0.337      4036.51    4031.99      36.40
0.340      4036.98    4032.47      37.12
0.344      4036.75    4032.24      37.49
0.336      4036.56    4032.04      36.00
0.332      4036.71    4032.19      35.76
0.337      4036.62    4032.11      36.76
0.339      4036.70    4032.19      37.32
0.340      4036.61    4032.10      37.80
0.331      4036.15    4031.63      36.05
0.336      4035.97    4031.46      36.76
0.332      4036.91    4032.40      36.85
0.331      4035.38    4030.87      35.60
0.335      4035.64    4031.13      36.65
0.331      4035.06    4030.55      36.00
0.339      4035.67    4031.16      36.99
0.324      4035.30    4030.79      35.51
0.336      4035.18    4030.66      36.95
0.340      4031.82    4027.31      35.95
0.331      4032.02    4027.51      37.05
0.333      4032.03    4027.52      37.96
0.337      4032.18    4027.66      38.69
0.341      4031.68    4027.17      36.99
0.329      4032.52    4028.00      20.95
0.336      4032.16    4027.64      34.84
0.338      4032.45    4027.93      25.60
0.341      4032.29    4027.78      24.14
0.329      4032.11    4027.60      23.02
0.335      4031.64    4027.13      35.00
0.340      4031.98    4027.47      36.36
0.343      4031.47    4026.96      36.49
0.330      4031.73    4027.21      34.66
0.333      4031.48    4026.97      35.12
0.339      4031.71    4027.20      34.98
0.342      4031.91    4027.40      35.76
0.329      4031.84    4027.32      34.82
0.336      4031.88    4027.37      35.55
0.339      4031.98    4027.47      36.02
0.343      4031.70    4027.19      36.63
0.330      4032.00    4027.49      34.94
0.334      4031.61    4027.10      35.62
0.339      4033.24    4028.73       6.64
0.343      4033.42    4028.91       7.07
0.328      4033.27    4028.75       6.82
0.334      4033.34    4028.83       7.21
0.339      4032.90    4028.39       6.89
0.329      4033.36    4028.85       7.27
0.333      4033.18    4028.67       7.08
0.329      4033.26    4028.75       6.96
0.330      4032.96    4028.45       7.30
0.313      2970.58    2966.07      35.47
0.297      2984.95    2980.44      35.39
0.296      2998.13    2993.62      35.09
0.297      3011.84    3007.33      35.05
0.300      3024.91    3020.40      35.75
0.298      3038.47    3033.96      35.39
0.300      3051.82    3047.30      35.65
0.299      3065.14    3060.62      35.22
0.299      3078.73    3074.22      35.24
0.299      3091.90    3087.39      35.22
0.300      3105.65    3101.14      35.88
0.300      3118.75    3114.24      35.45
0.302      3132.05    3127.54      35.52
0.303      3145.87    3141.36      35.69
0.302      3159.21    3154.70      35.22
0.301      3172.97    3168.46      35.44
0.303      3186.03    3181.52      35.35
0.304      3199.44    3194.93      35.31
0.304      3213.02    3208.50      35.56
0.303      3226.60    3222.09      35.70
0.306      3240.41    3235.90      36.07
0.306      3253.87    3249.36      35.78
0.306      3267.36    3262.85      35.59
0.308      3281.09    3276.58      36.21
0.309      3294.78    3290.27      36.17
0.308      3308.62    3304.11      36.50
0.310      3322.42    3317.91      36.17
0.310      3336.11    3331.60      36.31
0.309      3349.84    3345.33      35.74
0.311      3363.49    3358.98      36.11
0.312      3377.51    3373.00      36.25
0.312      3391.44    3386.93      36.30
0.310      3405.08    3400.57      35.77
0.313      3418.93    3414.41      36.40
0.312      3432.83    3428.32      36.15
0.313      3446.95    3442.44      36.27
0.314      3460.77    3456.26      36.29
0.314      3474.65    3470.14      36.27
0.316      3488.74    3484.23      36.47
0.317      3502.91    3498.39      36.65
0.315      3504.63    3500.12       5.00
2.856      3517.50    3512.98      36.59
0.318      3531.66    3527.15      36.56
0.316      3545.99    3541.48      36.58
0.318      3560.14    3555.62      36.62
0.320      3574.38    3569.86      36.85
0.319      3588.36    3583.85      36.54
0.320      3603.00    3598.49      37.07
0.319      3617.21    3612.70      36.90
0.321      3631.37    3626.86      36.79
0.320      3645.72    3641.21      36.57
0.323      3660.29    3655.78      37.30
0.325      3675.11    3670.60      37.40
0.323      3689.79    3685.27      37.05
0.324      3704.08    3699.57      37.11
0.323      3718.79    3714.28      37.00
0.325      3733.43    3728.91      37.35
0.325      3747.98    3743.46      37.15
0.325      3762.39    3757.88      36.95
0.328      3777.36    3772.85      37.51
0.329      3791.97    3787.46      37.60
0.330      3807.13    3802.62      37.79
0.327      3821.96    3817.45      37.30
0.330      3836.70    3832.19      37.59
0.330      3851.50    3846.99      37.41
0.330      3866.53    3862.02      37.68
0.331      3881.42    3876.91      37.44
0.332      3896.39    3891.87      37.79
0.333      3911.48    3906.97      37.78
0.332      3926.22    3921.71      37.49
0.333      3944.36    3939.84      37.90
0.335      3958.64    3954.13      37.88
0.337      3973.09    3968.57      38.45
0.335      3987.29    3982.78      37.66
0.335      4000.97    3996.46      37.77
0.335      4015.31    4010.80      37.73
0.338      4029.54    4025.03      38.01
0.339      4036.31    4031.80      37.97
0.338      4036.40    4031.89      37.96
0.336      4036.09    4031.57      37.78
0.339      4036.12    4031.61      38.22
0.338      4036.64    4032.13      38.51
0.338      4036.34    4031.82      38.45
0.338      4037.20    4032.68      40.05
0.338      4037.15    4032.64      39.22
0.339      4036.91    4032.40      39.05
0.340      4037.11    4032.59      39.55
0.338      4036.48    4031.97      38.70
0.338      4036.53    4032.02      38.68
0.339      4036.69    4032.18      38.93
0.340      4036.50    4031.98      38.57
0.339      4036.56    4032.05      39.50
0.340      4036.72    4032.21      39.60
0.340      4036.21    4031.70      39.39
0.338      4036.25    4031.74      39.24
0.340      4036.47    4031.96      39.71
0.340      4034.00    4029.48       5.90
2.545      4036.02    4031.50      34.01
0.340      4035.80    4031.29      37.73
0.342      4036.27    4031.75      38.01
0.340      4035.93    4031.41      36.70
0.341      4035.87    4031.36      37.64
0.342      4036.09    4031.57      39.64
0.342      4035.88    4031.36      39.54
0.341      4035.93    4031.41      39.57
0.342      4035.95    4031.44      39.75
0.343      4036.02    4031.50      39.90
0.342      4035.86    4031.35      39.90
0.342      4035.69    4031.18      39.53
0.341      4035.58    4031.07      39.57
0.344      4035.57    4031.06      39.66
0.345      4035.40    4030.89      39.43
0.343      4035.70    4031.19      39.72
0.337      3677.15    3672.64      37.91
0.330      3682.92    3678.41      39.41
0.331      3688.30    3683.79      39.75
0.332      3693.95    3689.44      39.40
0.333      3699.51    3695.00      39.28
0.332      3705.27    3700.76      38.74
0.332      3710.88    3706.37      39.30
0.333      3716.70    3712.19      39.50
0.332      3722.60    3718.09      39.45
0.335      3727.90    3723.39      38.67
0.334      3733.66    3729.14      39.30
0.336      3739.29    3734.77      39.52
0.337      3744.81    3740.30      39.88
0.336      3750.86    3746.34      39.61
0.336      3756.91    3752.40      39.80
0.338      3762.94    3758.43      39.73
0.337      3768.81    3764.30      39.75
0.338      3774.41    3769.90      40.05
0.338      3780.41    3775.90      39.78
0.338      3785.94    3781.43      39.27
0.344      3792.30    3787.79      38.93
0.338      3797.58    3793.07      37.70
0.338      3803.48    3798.96      37.24
0.339      3809.99    3805.48      37.32
0.341      3815.70    3811.18      37.63
0.340      3821.10    3816.59      37.31
0.341      3827.36    3822.85      37.50
0.341      3833.00    3828.49      37.00
0.340      3831.32    3826.80       6.75
1.026      3839.41    3834.89      37.52
0.340      3845.26    3840.75      37.63
0.341      3851.46    3846.95      37.45
0.339      3857.52    3853.01      37.42
0.342      3863.32    3858.80      37.60
0.342      3869.05    3864.54      37.30
0.342      3870.81    3866.30      29.00
1.670      3305.14    3300.63      34.36
0.310      3316.99    3312.48      34.18
0.311      3329.58    3325.07      34.42
0.310      3340.65    3336.14      33.52
0.310      3352.81    3348.30      33.09
0.312      3364.68    3360.16      33.44
0.327      3377.98    3373.47      35.00
0.342      3391.16    3386.65      35.00
0.343      3403.93    3399.41      35.04
0.343      3417.28    3412.77      35.21
0.330      3430.01    3425.50      34.01
0.328      3442.70    3438.19      34.79
0.343      3456.14    3451.62      35.22
0.348      3469.23    3464.71      35.12
0.346      3482.76    3478.25      35.14
0.346      3495.93    3491.42      35.37
0.338      3508.75    3504.24      34.56
0.332      3522.20    3517.69      35.37
0.345      3535.36    3530.85      35.32
0.349      3548.86    3544.34      35.46
0.348      3562.41    3557.89      35.25
0.348      3575.57    3571.05      35.66
0.349      3588.61    3584.09      35.45
0.351      3602.28    3597.77      35.68
0.351      3615.56    3611.05      35.70
0.349      3629.42    3624.91      35.86
0.319      3641.52    3637.00      34.04
0.335      3654.93    3650.41      35.66
0.345      3668.47    3663.96      35.78
0.341      3675.73    3671.22      35.73
0.334      3682.84    3678.32      34.92
0.332      3690.30    3685.79      35.47
0.335      3698.16    3693.64      35.95
0.354      3705.23    3700.71      35.68
0.355      3712.96    3708.45      35.89
0.349      3720.40    3715.89      35.56
0.339      3727.97    3723.46      36.38
0.355      3735.75    3731.23      35.99
0.347      3742.62    3738.11      35.04
0.340      3750.32    3745.80      36.21
0.356      3758.20    3753.69      36.16
0.352      3765.36    3760.85      35.59
0.349      3772.99    3768.48      35.43
0.348      3780.23    3775.71      35.34
0.339      3787.12    3782.61      34.13
0.324      3794.24    3789.73      34.30
0.331      3801.35    3796.83      35.57
0.337      3805.52    3801.00      21.37
3.657      3812.61    3808.10      35.93
0.353      3820.02    3815.51      36.00
0.342      3827.77    3823.26      36.23
0.358      3835.48    3830.96      36.05
0.358      3843.41    3838.89      36.54
0.360      3851.00    3846.48      36.48
0.360      3858.55    3854.04      36.28
0.360      3866.50    3861.98      36.54
0.359      3874.03    3869.52      36.61
0.350      3880.92    3876.41      35.67
0.343      3888.73    3884.22      36.71
0.361      3896.72    3892.21      36.99
0.363      3904.42    3899.91      36.87
0.362      3912.32    3907.81      36.53
0.363      3920.21    3915.70      37.10
0.351      3927.93    3923.42     155.61
0.364      3937.98    3933.47     171.40
0.367      3945.95    3941.44     176.72
0.358      3953.89    3949.38     169.73
0.339      3960.24    3955.73     157.73
0.330      3966.31    3961.80      50.61
0.341      3974.14    3969.63      49.29
0.344      3981.62    3977.11      52.54
0.345      3989.33    3984.82      53.31
0.348      3996.80    3992.29      50.34
0.360      4003.29    3998.77      50.42
0.348      4011.61    4007.09      50.98
0.346      4019.40    4014.89      51.41
0.352      4026.77    4022.26      49.44
0.370      4029.11    4024.59      52.54
0.348      4028.99    4024.48      50.35
0.351      4028.71    4024.20      47.59
0.366      4028.87    4024.36      50.14
0.352      4027.86    4023.35      46.74
0.358      4028.82    4024.31      49.73
0.344      4028.78    4024.27      46.98
0.366      4028.81    4024.30      53.05
0.345      4028.67    4024.16      47.55
0.359      4029.05    4024.54      49.38
0.364      4028.96    4024.45      46.98
0.367      4029.09    4024.58      49.38
0.376      4029.91    4025.40      53.18
0.386      4030.26    4025.75      58.52
0.367      3473.59    3469.07      66.20
0.366      3518.39    3513.88      40.29
0.367      3562.74    3558.23      40.29
0.368      3607.31    3602.80      39.54
0.372      3616.18    3611.67       5.86
0.359      3621.43    3616.91       7.61
0.358      3627.31    3622.80       7.87
0.371      3633.38    3628.87       7.94
0.372      3639.45    3634.94       8.01
0.372      3670.56    3666.05      35.22
0.376      3716.13    3711.62      40.94
0.376      3761.54    3757.03      40.94
0.371      3807.02    3802.50      40.40
0.364      3852.20    3847.68      41.21
0.383      3898.66    3894.15      41.34
0.363      3942.98    3938.46      38.61
0.352      3487.51    3483.00      39.22
0.358      3530.88    3526.37      41.63
0.375      3542.82    3538.31      42.15
0.368      3549.83    3545.32      41.98
0.376      3556.64    3552.12      42.13
0.374      3565.88    3561.37      41.98
0.377      3574.32    3569.80      39.63
0.377      3583.65    3579.14      37.94
0.378      3593.21    3588.70      37.88
0.377      3602.21    3597.69      37.70
0.371      3611.25    3606.73      36.89
0.349      3620.09    3615.58      35.17
0.350      3628.70    3624.18      37.26
0.341      3636.84    3632.32      35.34
0.364      3645.82    3641.31      38.04
0.379      3654.93    3650.42      37.94
0.385      3660.38    3655.86      18.63
0.382      3667.57    3663.06      34.45
0.384      3676.75    3672.24      38.79
0.372      3686.23    3681.72      38.44
0.383      3695.96    3691.45      38.47
0.385      3705.19    3700.67      38.62
0.385      3714.62    3710.10      38.57
0.386      3724.29    3719.78      38.54
0.386      3733.93    3729.41      38.84
0.387      3743.63    3739.12      39.06
0.379      3752.97    3748.46      38.84
0.389      3762.71    3758.20      39.13
0.389      3772.34    3767.83      38.81
0.388      3782.36    3777.84      39.20
0.383      3791.56    3787.05      39.31
0.375      3801.22    3796.71      39.60
0.387      3810.55    3806.04      38.80
0.380      3818.91    3814.40      38.07
0.391      3825.38    3820.86     211.93
1.437      3832.24    3827.73     211.86
0.386      3841.46    3836.95     243.52
0.383      3850.24    3845.73     102.80
0.384      3859.78    3855.27      62.52
0.388      3868.43    3863.91      62.57
0.389      3872.12    3867.61      10.84
2.010      3878.52    3874.00      58.19
0.389      3887.38    3882.87      62.64
0.390      3896.60    3892.09      62.64
0.370      3906.31    3901.80      60.02
0.374      3914.65    3910.14      64.92
0.391      3923.34    3918.83      60.97
0.371      3932.20    3927.69      58.59
0.377      3937.92    3933.41      61.76
0.396      3945.55    3941.04      66.35
0.396      3952.62    3948.11      62.99
0.379      3962.23    3957.71      62.10
0.378      3969.98    3965.46      59.44
0.398      3980.10    3975.59      57.54
0.397      3989.52    3985.00      61.25
0.398      3999.27    3994.76      61.52
0.399      4008.41    4003.89      59.75
0.395      4018.57    4014.06      59.60
0.358      4024.62    4020.11      57.39
0.384      4025.06    4020.55      60.32
0.400      4024.86    4020.34      61.23
0.400      4024.75    4020.24      58.39
0.400      4024.73    4020.21      58.13
0.400      4025.04    4020.53      59.07
0.399      4025.34    4020.82      59.05
0.384      4024.82    4020.31      58.47
0.401      4024.18    4019.66      56.50
0.401      4024.36    4019.85      56.25
0.400      4024.59    4020.08      56.18
0.396      4026.00    4021.49      59.58
0.397      4025.30    4020.79      53.46
0.390      4025.84    4021.33      52.73
0.367      4025.80    4021.29      50.71
0.364      4025.64    4021.13      51.04
0.361      4025.61    4021.10      48.97
0.361      4025.65    4021.14      48.27
0.362      4025.72    4021.21      44.07
0.353      3501.82    3497.31      32.12
0.346      3567.43    3562.92      68.75
0.349      3585.69    3581.17      15.44
1.201      3622.59    3618.07      42.81
0.350      3665.98    3661.47      42.56
0.357      3710.46    3705.94      43.70
0.357      3754.88    3750.36      43.48
0.356      3798.99    3794.47      43.41
0.355      3842.92    3838.40      43.06
0.353      3853.85    3849.33       6.81
2.549      3891.27    3886.75      43.44
0.358      3935.24    3930.72      42.88
0.353      3978.58    3974.06      42.34
0.355      4021.97    4017.45      42.47
0.361      4028.90    4024.38      43.38
0.363      4028.58    4024.06      43.24
0.363      4028.66    4024.15      43.27
0.359      4028.17    4023.65      42.34
0.358      4026.73    4022.21      37.16
0.358      4026.66    4022.14      37.16
0.359      4027.32    4022.80      37.51
0.359      4028.86    4024.34      37.28
0.364      4029.28    4024.76      38.04
0.359      4028.97    4024.45      37.30
0.357      4028.71    4024.20      37.15
0.361      4028.95    4024.43      37.18
0.359      4028.53    4024.01      37.01
0.361      4028.84    4024.32      37.81
0.359      4026.86    4022.34      35.41
0.361      4027.08    4022.56      36.30
0.360      4026.80    4022.28      35.49
0.359      4026.73    4022.22      35.45
0.367      4026.96    4022.44      36.40
0.366      4026.80    4022.29      36.05
0.367      4026.69    4022.17      35.75
0.359      4026.55    4022.03      35.20
0.356      4026.62    4022.11      35.33
0.379      4021.87    4017.35      33.06
0.396      4019.57    4015.06      29.95
0.393      4019.21    4014.69      30.14
0.356      4020.49    4015.97      29.71
0.356      4021.48    4016.96      29.77
0.381      4017.02    4012.50      63.14
0.356      4021.28    4016.76     211.48
0.337      4020.75    4016.24     136.57
0.346      4020.07    4015.56     104.09
0.344      4021.75    4017.23     183.38
0.340      4020.30    4015.78     320.14
0.353      4021.04    4016.52     198.59
0.351      4024.00    4019.48     126.38
0.331      4023.71    4019.20      22.45
0.329      4024.14    4019.62      20.58
0.338      4019.81    4015.29     190.37
0.342      4020.86    4016.34     190.47
0.339      4019.98    4015.47     129.79
0.332      3436.50    3431.98     113.48
0.321      3497.32    3492.80     145.44
0.329      3535.51    3530.99     125.38
0.332      3573.75    3569.24     119.57
0.333      3612.20    3607.68     112.26
0.334      3639.84    3635.33      79.04
0.331      3643.38    3638.86      15.86
0.325      3647.18    3642.66      15.77
0.321      3652.83    3648.31      17.98
0.315      3073.03    3068.51      44.11
0.321      2806.09    2801.58      76.64
0.320      2844.89    2840.38      52.75
0.324      2883.64    2879.13      52.50
0.327      2923.02    2918.50      53.09
0.320      2519.62    2515.11       8.87
0.270      1268.66    1264.14      21.32
0.248      1285.17    1280.65      26.28
0.249      1301.21    1296.69      25.16
0.250      1316.83    1312.31      17.44
0.250      1332.77    1328.25      17.83
0.251      1348.41    1343.90      17.47
0.253      1511.63    1507.11     203.45
0.257      1511.63    1507.11     133.53
0.253      1339.58    1335.06      45.11
0.247      1358.21    1353.69      24.30
0.250      1387.35    1382.83      33.60
0.253      1417.56    1413.04      34.02
0.254      1447.16    1442.65      33.82
0.255      1477.21    1472.69      33.94
0.257      1507.61    1503.09      34.22
0.258      1537.57    1533.05      33.79
0.259      1567.58    1563.06      33.71
0.258      1598.18    1593.66      34.15
0.258      1628.29    1623.77      33.84
0.259      1658.67    1654.15      34.16
0.261      1689.00    1684.48      34.23
0.262      1693.30    1688.78      34.68
0.261      1683.81    1679.29      24.06
0.263      1714.77    1710.25      36.11
0.265      1745.89    1741.37      36.51
0.269      1776.96    1772.45      36.38
0.270      1808.89    1804.38      36.82
0.270      1840.39    1835.87      36.20
0.272      1872.12    1867.60      38.19
0.272      1904.10    1899.58      38.95
0.273      1935.89    1931.38      38.83
0.274      1967.98    1963.47      39.36
0.274      2000.60    1996.08      39.27
0.276      2032.53    2028.01      39.66
0.268      1747.07    1742.55      18.98
0.258      1458.82    1454.30      21.51
0.255      1487.04    1482.52      29.41
0.255      1514.86    1510.34      29.07
0.255      1543.05    1538.53      29.47
0.256      1571.43    1566.91      29.71
0.259      1599.77    1595.25      29.40
0.260      1628.13    1623.61      29.50
0.262      1656.78    1652.26      29.66
0.262      1685.48    1680.96      29.77
0.264      1714.77    1710.25      30.30
0.266      1743.62    1739.10      29.89
0.265      1772.38    1767.86      29.78
0.264      1800.95    1796.43      29.43
0.264      1829.76    1825.24      29.85
0.266      1858.89    1854.38      30.09
0.264      1886.65    1882.13      28.68
0.267      1915.77    1911.25      30.08
0.270      1945.19    1940.67      30.28
0.269      1974.71    1970.19      30.28
0.270      2003.95    1999.43      30.07
0.270      2033.99    2029.47      30.66
0.270      2063.73    2059.21      30.67
0.271      2093.44    2088.92      30.63
0.271      2123.32    2118.80      30.61
0.272      2152.65    2148.13      30.08
0.272      2182.95    2178.43      31.00
0.271      2140.92    2136.40      30.99
0.272      2170.71    2166.20      30.53
0.272      2200.51    2195.99      30.59
0.280      2231.86    2227.34      32.25
0.290      2238.36    2233.84       6.67
0.291      2252.32    2247.80      17.07
0.285      2283.25    2278.73      31.03
0.277      2313.70    2309.18      31.43
0.277      2344.03    2339.51      31.02
0.284      2375.72    2371.20      32.50
0.294      2408.02    2403.50      32.52
0.291      2439.86    2435.34      32.02
0.287      2471.99    2467.47      32.58
0.302      2505.26    2500.74      33.43
0.307      2538.47    2533.95      33.13
0.307      2572.08    2567.56      33.37
0.297      2604.29    2599.77      31.99
0.287      2636.57    2632.05      32.80
0.285      2668.14    2663.63      38.39
0.295      2694.52    2690.00      40.62
0.308      2715.73    2711.21      40.43
0.304      2737.00    2732.48      40.50
0.298      2758.67    2754.15      40.96
0.310      2779.98    2775.46      40.88
0.312      2801.72    2797.20      40.94
0.313      2823.44    2818.92      41.30
0.315      2845.05    2840.53      41.72
0.304      2864.99    2860.47      39.43
0.292      2885.48    2880.96      39.32
0.294      2905.73    2901.21      39.41
0.295      2926.04    2921.52      39.41
0.296      2946.47    2941.95      39.09
0.294      2966.74    2962.22      39.18
0.307      2988.95    2984.43      41.07
0.311      3010.94    3006.42      41.38
0.309      3030.79    3026.27      39.07
0.294      3050.61    3046.09      38.32
0.297      3071.47    3066.95      39.59
0.298      3091.82    3087.30      39.18
0.298      3112.39    3107.87      39.20
0.301      3133.82    3129.31      40.22
0.303      3155.09    3150.57      40.19
0.299      3175.88    3171.36      39.82
0.300      3196.39    3191.87      39.68
0.301      3216.95    3212.43      39.51
0.304      3238.48    3233.96      40.24
0.308      3259.98    3255.46      40.37
0.309      3281.33    3276.81      40.45
0.310      3302.54    3298.02      39.86
0.307      3322.96    3318.45      40.72
0.306      3344.54    3340.02      40.88
0.307      3361.65    3357.13      35.53
0.310      3409.37    3404.85      82.53
0.314      3431.29    3426.77      31.29
0.314      3453.36    3448.84      31.67
0.312      3475.11    3470.59      31.46
0.314      3496.74    3492.22      31.46
0.314      3518.57    3514.06      31.19
0.312      3540.88    3536.36      31.85
0.316      3562.86    3558.34      31.97
0.315      3585.13    3580.61      31.45
0.314      3606.80    3602.28      31.14
0.313      3628.88    3624.36      31.66
0.316      3651.32    3646.81      32.13
0.321      3674.23    3669.71      32.37
0.317      3696.70    3692.18      32.11
0.319      3718.73    3714.21      31.73
0.320      3741.19    3736.67      31.61
0.318      3762.85    3758.33      31.77
0.320      3785.63    3781.11      32.54
0.324      3808.70    3804.18      32.46
0.323      3831.24    3826.72      32.26
0.327      3854.44    3849.92      32.80
0.325      3877.03    3872.51      32.50
0.326      3900.24    3895.72      32.79
0.332      3919.13    3914.61      32.75
0.333      3920.57    3916.05      32.71
0.332      3940.46    3935.94      32.69
0.329      3976.30    3971.78      31.86
0.333      3986.63    3982.11      32.39
0.334      3986.57    3982.05      33.25
0.336      3986.35    3981.83      33.11
0.334      3986.39    3981.87      32.86
0.335      3986.69    3982.17      33.90
0.338      3986.55    3982.04      33.55
0.339      3986.74    3982.22      33.93
0.339      3986.72    3982.20      33.93
0.338      3986.85    3982.33      34.08
0.341      3986.44    3981.92      33.49
0.340      3986.11    3981.59      34.15
0.340      3985.91    3981.40      27.20
0.341      3985.67    3981.15      29.74
0.341      3984.96    3980.45      25.03
0.342      3984.86    3980.34      21.46
0.343      3985.11    3980.59      26.80
0.344      3986.32    3981.81      35.30
0.343      3985.84    3981.33      34.01
0.343      3985.58    3981.06      33.76
0.344      3985.87    3981.35      34.62
0.343      3985.15    3980.63      34.11
0.343      3985.16    3980.64      35.04
0.344      3984.96    3980.44      33.32
0.344      3985.02    3980.50      28.65
0.345      3984.75    3980.23      34.51
0.344      3984.86    3980.34      34.21
0.339      3984.77    3980.25      34.00
0.346      3984.95    3980.43      34.71
0.346      3984.79    3980.27      35.28
0.345      3984.42    3979.90      34.59
0.343      3984.01    3979.49      34.23
0.339      3983.96    3979.44      33.70
0.339      3983.94    3979.42      34.44
0.342      3983.93    3979.41      34.79
0.346      3983.56    3979.04      34.90
0.341      3983.20    3978.68      34.81
0.340      3983.53    3979.01      35.22
0.342      3981.98    3977.47      35.02
0.347      3981.62    3977.10      35.23
0.349      3981.80    3977.28      35.98
0.343      3981.62    3977.10      34.76
0.341      3981.96    3977.44      35.30
0.343      3981.59    3977.08      35.27
0.342      3981.78    3977.26      35.54
0.347      3981.89    3977.37      35.96
0.350      3982.00    3977.48      35.82
0.349      3981.98    3977.46      36.25
0.350      3982.24    3977.72      35.77
0.351      3981.94    3977.42      36.33
0.350      3981.91    3977.40      33.05
0.350      3982.53    3978.01      29.75
0.351      3982.05    3977.53      36.40
0.348      3982.04    3977.52      33.95
0.342      3978.41    3973.89      99.98
0.349      3978.05    3973.53      32.58
0.352      3978.45    3973.93      32.02
0.353      3978.82    3974.30      32.49
0.351      3978.10    3973.58      29.93
0.346      3978.74    3974.22      32.57
0.350      3978.82    3974.30      33.04
0.349      3979.25    3974.73      32.71
0.351      3979.03    3974.51      32.93
0.350      3979.30    3974.78      33.22
0.353      3979.07    3974.55      33.45
0.350      3979.16    3974.64      32.84
0.348      3979.94    3975.42      33.53
0.347      3982.68    3978.16      32.60
0.353      3983.75    3979.24      32.89
0.353      3984.38    3979.86      33.10
0.349      3983.86    3979.34      33.10
0.351      3983.85    3979.33      32.38
0.356      3984.27    3979.75      26.21
0.355      3984.49    3979.97      24.88
0.356      3984.27    3979.75      22.36
0.357      3984.49    3979.97      23.76
0.357      3983.66    3979.14      22.51
0.356      3983.48    3978.96      22.91
0.354      3983.72    3979.20      22.92
0.355      3984.18    3979.67      24.57
0.355      3983.84    3979.32      23.49
0.357      3983.61    3979.09      34.72
0.357      3984.15    3979.63      34.99
0.355      3983.87    3979.35      34.03
0.351      3983.47    3978.95      33.05
0.347      3983.22    3978.70      31.54
0.354      3983.37    3978.85      33.80
0.349      3983.99    3979.47      34.21
0.355      3983.62    3979.11      34.22
0.356      3983.41    3978.90      34.54
0.356      3983.54    3979.02      34.66
0.357      3983.93    3979.42      34.19
0.357      3983.92    3979.40      34.27
0.350      3983.87    3979.35      34.19
0.350      3983.54    3979.02      34.05
0.353      3983.64    3979.13      34.19
0.352      3983.99    3979.47      33.12
0.350      3983.53    3979.01      34.27
0.348      3984.22    3979.70      36.53
0.349      3984.71    3980.20      38.95
0.349      3983.57    3979.06      39.29
0.350      3982.91    3978.40      35.10
0.350      3982.90    3978.38      34.92
0.351      3983.61    3979.09      35.24
0.351      3982.97    3978.45      35.42
0.351      3983.22    3978.70      35.50
0.350      3982.60    3978.08      35.02
0.356      3983.11    3978.59      35.98
0.358      3983.17    3978.65      35.94
0.352      3983.19    3978.67      35.73
0.350      3982.92    3978.40      35.62
0.351      3983.39    3978.87      34.79
0.354      3983.41    3978.89      35.80
0.356      3983.03    3978.51      36.05
0.355      3983.37    3978.85      35.93
0.357      3983.48    3978.96      36.07
0.349      3983.24    3978.72      34.80
0.347      3983.38    3978.86      35.85
0.348      3982.98    3978.46      35.72
0.350      3983.37    3978.85      35.95
0.349      3983.52    3979.00      35.53
0.350      3983.39    3978.87      35.40
0.351      3983.39    3978.88      35.37
0.349      3983.01    3978.49      35.58
0.351      3983.59    3979.08      35.92
0.351      3983.27    3978.75      36.18
0.351      3982.80    3978.28      35.60
0.351      3983.28    3978.76      36.20
0.352      3983.32    3978.80      35.95
0.351      3983.04    3978.52      35.79
0.352      3983.24    3978.72      35.85
0.355      3983.75    3979.23      36.54
0.353      3983.80    3979.29      36.46
0.353      3983.61    3979.09      36.80
0.354      3983.12    3978.61      36.47
0.356      3983.32    3978.80      36.70
0.361      3984.14    3979.63      38.11
0.360      3983.13    3978.61      37.25
0.360      3983.04    3978.52      37.27
0.355      3983.26    3978.74      36.90
0.353      3983.06    3978.54      36.83
0.355      3985.55    3981.03      37.10
0.356      3988.45    3983.93      37.63
0.356      3987.39    3982.87      36.94
0.324      3384.78    3380.26      75.31
0.314      3419.59    3415.07      30.74
0.315      3454.01    3449.49      30.59
0.317      3487.63    3483.11      29.43
0.318      3521.16    3516.64      29.82
0.319      3555.35    3550.83      30.31
0.321      3589.18    3584.66      30.30
0.324      3623.59    3619.08      30.33
0.326      3658.98    3654.47      30.92
0.328      3694.50    3689.99      31.55
0.328      3730.61    3726.09      31.41
0.327      3766.68    3762.16      31.74
0.327      3802.75    3798.23      31.76
0.329      3838.74    3834.22      31.59
0.329      3874.93    3870.41      32.27
0.330      3911.16    3906.64      31.43
0.331      3947.57    3943.05      31.64
0.334      3981.95    3977.43      31.86
0.333      3982.47    3977.95      31.87
0.332      3983.70    3979.18      32.43
0.334      3983.04    3978.52      31.64
0.333      3982.97    3978.45      31.98
0.332      3983.02    3978.50      32.14
0.334      3982.86    3978.34      32.05
0.335      3983.48    3978.96      32.20
0.333      3982.52    3978.00      31.91
0.334      3982.40    3977.88      31.44
0.333      3983.34    3978.83      31.81
0.334      3982.45    3977.93      31.66
0.333      3982.71    3978.20      32.20
0.335      3982.80    3978.28      32.61
0.334      3983.11    3978.59      31.98
0.333      3982.54    3978.02      31.98
0.338      3982.91    3978.40      34.07
0.339      3982.52    3978.00      33.57
0.328      3982.77    3978.25      33.06
0.341      3982.44    3977.93      33.18
0.327      3982.92    3978.41      32.80
0.326      3981.98    3977.47      32.27
0.343      3982.59    3978.08      33.99
0.332      3982.62    3978.11      33.75
0.325      3982.40    3977.89      32.15
0.341      3982.89    3978.38      34.08
0.330      3982.66    3978.14      33.80
0.327      3981.91    3977.40      32.69
0.347      3982.28    3977.77      34.76
0.331      3981.87    3977.36      33.40
0.325      3981.66    3977.14      31.91
0.340      3981.95    3977.43      34.03
0.332      3982.06    3977.55      33.33
0.327      3981.99    3977.48      32.64
0.344      3982.39    3977.88      34.43
0.333      3981.77    3977.26      33.00
0.327      3982.11    3977.59      32.65
0.341      3982.34    3977.83      33.96
0.331      3982.15    3977.64      32.01
0.327      3981.79    3977.28      32.27
0.330      3981.94    3977.43      34.10
0.346      3982.35    3977.84      34.91
0.357      3982.12    3977.61      34.61
0.345      3982.13    3977.62      35.04
0.346      3982.06    3977.55      34.43
0.357      3982.52    3978.01      34.86
0.360      3981.55    3977.04      34.77
0.360      3981.43    3976.92      34.36
0.359      3982.07    3977.56      34.92
0.357      3981.35    3976.84      34.82
0.355      3982.14    3977.62      35.16
0.354      3981.64    3977.13      34.57
0.341      3981.67    3977.16      35.09
0.365      3981.98    3977.46      35.96
0.359      3981.69    3977.18      34.77
0.353      3982.22    3977.71      35.07
0.340      3981.71    3977.20      35.01
0.360      3981.70    3977.19      34.98
0.365      3982.07    3977.56      36.17
0.344      3981.57    3977.06      33.85
0.345      3981.39    3976.88      35.16
0.361      3982.45    3977.93      35.83
0.365      3981.92    3977.41      36.07
0.359      3982.05    3977.54      35.56
0.364      3982.00    3977.49      35.43
0.354      3981.61    3977.09      34.39
0.334      3982.16    3977.65      34.50
0.340      3981.46    3976.95      35.63
0.362      3981.69    3977.18      36.14
0.339      3982.16    3977.65      35.35
0.346      3982.71    3978.20      36.66
0.353      3982.12    3977.61      34.72
0.343      3982.43    3977.92      35.97
0.366      3982.07    3977.56      36.79
0.360      3985.51    3981.00      35.65
0.362      3985.53    3981.02      36.25
0.361      3982.09    3977.57      53.37
0.319      3363.49    3358.98      57.77
0.332      3399.75    3395.24      28.31
0.336      3435.66    3431.15      27.81
0.337      3472.76    3468.25      32.50
0.341      3509.67    3505.16      33.82
0.340      3547.21    3542.70      33.81
0.322      3584.10    3579.59      33.21
0.326      3619.45    3614.94      33.27
0.344      3656.70    3652.19      33.71
0.344      3694.94    3690.43      34.00
0.349      3732.99    3728.48      34.08
0.346      3771.32    3766.81      34.64
0.348      3809.40    3804.89      34.20
0.355      3847.69    3843.18      34.83
0.342      3883.73    3879.21      34.57
0.338      3922.58    3918.07      34.82
0.354      3961.65    3957.14      34.42
0.337      3976.25    3971.74      34.28
0.338      3975.93    3971.42      35.14
0.341      3975.46    3970.95      35.38
0.356      3975.30    3970.79      35.37
0.356      3974.95    3970.44      34.43
0.354      3974.73    3970.21      34.82
0.300      1979.15    1974.64      34.97
0.266      2002.04    1997.53      34.14
0.271      2026.21    2021.70      35.94
0.279      2050.59    2046.07      35.91
0.284      2074.31    2069.80      35.66
0.288      2098.11    2093.60      35.05
0.282      2122.14    2117.63      35.14
0.283      2146.02    2141.51      34.69
0.286      2169.22    2164.71      35.37
0.289      2193.62    2189.11      35.76
0.288      2218.00    2213.49      35.50
0.280      2242.42    2237.91      35.49
0.289      2266.52    2262.01      35.71
0.290      2291.38    2286.86      36.24
0.291      2315.80    2311.29      36.48
0.291      2340.86    2336.35      36.87
0.291      2365.01    2360.50      35.69
0.294      2389.48    2384.97      35.95
0.293      2414.17    2409.66      35.00
0.295      2438.31    2433.80      35.37
0.299      2463.73    2459.22      37.96
0.299      2488.06    2483.55      36.12
0.300      2513.25    2508.74      36.61
0.302      2539.21    2534.70      37.35
0.301      2564.22    2559.71      36.41
0.306      2589.98    2585.46      36.46
0.304      2615.83    2611.32      36.52
0.307      2635.90    2631.39      29.02
0.312      2659.54    2655.03      36.29
0.290      2683.89    2679.38      35.62
0.294      2709.11    2704.60      37.27
0.306      2735.51    2731.00      36.84
0.308      2760.94    2756.43      37.18
0.308      2787.05    2782.54      38.30
0.311      2813.30    2808.79      37.48
0.314      2838.92    2834.41      36.67
0.314      2865.32    2860.80      38.07
0.319      2891.77    2887.25      36.91
0.315      2917.93    2913.42      36.59
0.299      2943.75    2939.24      36.96
0.295      2968.91    2964.40      36.41
0.305      2994.79    2990.27      38.07
0.318      3021.49    3016.98      38.37
0.308      3048.13    3043.62      38.27
0.319      3075.54    3071.03      38.67
0.310      3102.72    3098.21      38.59
0.309      3130.20    3125.68      38.53
0.323      3157.25    3152.74      38.93
0.312      3183.69    3179.18      37.51
0.312      3210.18    3205.67      38.31
0.319      3237.71    3233.20      38.95
0.315      3263.91    3259.40      37.04
0.301      3288.94    3284.43      37.09
0.303      3313.68    3309.16      36.66
0.307      3340.66    3336.15      37.84
0.310      3367.57    3363.06      38.12
0.320      3395.82    3391.31      40.55
0.339      3442.58    3438.07      75.40
0.336      3471.34    3466.83      42.44
0.334      3497.98    3493.47      33.61
0.329      3526.77    3522.26      34.64
0.337      3554.78    3550.27      34.31
0.337      3583.27    3578.75      34.77
0.342      3612.53    3608.02      35.09
0.339      3640.98    3636.46      34.85
0.346      3670.41    3665.90      35.53
0.341      3699.52    3695.00      35.21
0.345      3738.62    3734.11      72.93
0.343      3767.81    3763.30      41.07
0.349      3797.38    3792.86      41.97
0.349      3827.47    3822.96      41.92
0.345      3857.00    3852.49      41.12
0.348      3886.41    3881.90      42.29
0.349      3916.66    3912.15      42.04
0.353      3946.98    3942.47      42.46
0.337      3974.39    3969.88      39.79
0.342      3989.80    3985.29      43.25
0.357      3989.15    3984.64      42.16
0.354      3989.14    3984.63      41.56
0.353      3988.96    3984.45      41.23
0.358      3989.87    3985.36      43.08
0.357      3989.33    3984.82      42.35
0.361      3989.27    3984.75      43.04
0.358      3988.82    3984.31      41.66
0.356      3988.18    3983.66      41.09
0.352      3988.40    3983.89      41.29
0.353      3988.99    3984.48      41.80
0.361      3987.98    3983.46      40.63
0.354      3988.66    3984.15      40.85
0.354      3987.73    3983.22      40.75
0.353      3988.37    3983.86      42.74
0.361      3988.09    3983.57      42.39
0.307      2233.21    2228.70      36.67
0.278      2257.39    2252.88      35.80
0.288      2282.04    2277.52      36.27
0.287      2306.95    2302.43      36.62
0.282      2330.78    2326.27      34.25
0.286      2355.78    2351.27      36.76
0.290      2380.55    2376.04      35.93
0.288      2405.01    2400.50      35.49
0.285      2430.65    2426.14      35.97
0.288      2455.33    2450.82      35.45
0.278      2479.70    2475.18      35.68
0.284      2505.04    2500.52      36.16
0.297      2530.15    2525.64      36.41
0.297      2555.55    2551.04      36.18
0.297      2580.06    2575.55      35.23
0.293      2606.21    2601.70      36.79
0.292      2632.03    2627.52      36.87
0.301      2657.26    2652.75      37.12
0.301      2682.00    2677.49      37.04
0.302      2708.25    2703.74      37.21
0.297      2734.24    2729.73      37.09
0.297      2759.80    2755.29      37.82
0.300      2785.18    2780.67      36.52
0.299      2811.46    2806.95      36.99
0.303      2838.76    2834.25      37.83
0.309      2865.09    2860.58      37.33
0.293      2890.59    2886.08      36.92
0.305      2917.70    2913.19      37.20
0.320      2945.14    2940.63      37.92
0.315      2972.97    2968.46      37.75
0.296      2999.06    2994.55      37.36
0.307      3027.04    3022.52      38.13
0.318      3054.05    3049.54      38.05
0.311      3081.05    3076.54      38.29
0.310      3108.53    3104.02      38.29
0.322      3136.49    3131.98      38.39
0.322      3165.04    3160.53      38.72
0.314      3192.41    3187.90      39.62
0.306      3219.32    3214.81      38.77
0.302      3245.95    3241.43      36.95
0.316      3274.05    3269.54      39.41
0.328      3299.17    3294.65      35.79
0.311      3327.95    3323.43      37.85
0.303      3353.23    3348.72      36.87
0.304      3379.98    3375.46      36.69
0.315      3407.79    3403.27      38.66
0.306      3434.03    3429.51      37.07
0.312      3460.15    3455.63      36.45
0.308      3485.07    3480.55      36.03
0.324      3514.18    3509.66      39.39
0.336      3542.09    3537.58      37.74
0.333      3570.13    3565.62      38.40
0.321      3458.41    3453.89      75.34
0.305      2837.69    2833.17      85.48
0.300      2899.79    2895.36     155.04
0.297      2898.97    2893.41       4.04
0.281      2126.36    2119.61     132.98
0.261      1616.16    1609.26     137.75
ERROR: can't open /proc/913986/smaps: No such file or directory at ../wss.pl line 226.
