Watching PID 2615567 page references grow, output every 0.2 seconds...
Est(s)     RSS(MB)    PSS(MB)    Ref(MB)
0.212       425.83     421.63      25.49
0.429       449.96     445.76      49.61
0.648       456.02     451.77      61.03
0.869       458.66     454.28      69.76
1.092       458.66     454.28      69.77
1.317       458.66     454.28      69.77
1.543       458.66     454.28      69.77
1.770       458.66     454.28      69.77
1.996       458.70     454.24      69.83
2.218       722.11     717.60     338.74
2.444       747.47     742.96     364.10
2.670       772.74     768.22     389.37
2.899       798.11     793.60     414.74
3.132       824.36     819.85     440.99
3.366       850.70     846.18     467.33
3.603       877.13     872.62     493.76
3.847       904.11     899.60     520.74
4.091       931.86     927.45     550.45
4.329       957.90     953.49     576.49
4.569       983.71     979.30     602.30
4.811      1011.11    1006.70     629.70
5.054      1037.49    1033.08     656.08
5.297      1064.74    1060.33     683.33
5.537      1092.02    1087.61     710.61
5.777      1117.74    1113.33     736.33
6.018      1144.58    1140.17     763.17
6.257      1171.90    1167.49     790.49
6.495      1197.61    1193.20     816.20
6.731      1224.11    1219.70     842.70
6.968      1251.24    1246.83     869.83
7.213      1278.30    1274.01     896.89
7.462      1421.03    1416.74    1039.62
7.709      1499.04    1494.75    1117.63
7.957      1532.05    1527.77    1150.65
8.205      1559.68    1555.40    1178.27
8.453      1587.55    1583.27    1206.15
8.702      1615.05    1610.77    1233.65
8.953      1643.05    1638.77    1261.65
9.204      1671.18    1666.90    1289.78
9.455      1699.05    1694.77    1317.66
9.706      1726.93    1722.65    1345.53
9.952      1754.05    1749.77    1372.66
10.207     1783.06    1778.78    1401.66
10.467     1811.98    1807.69    1430.58
10.719     1839.80    1835.52    1458.41
10.974     1868.55    1864.27    1487.16
11.232     1897.18    1892.90    1515.78
11.488     1925.80    1921.52    1544.41
11.741     1953.93    1949.65    1572.53
11.997     1982.18    1977.90    1600.78
12.252     2010.68    2006.40    1629.28
12.507     2039.05    2034.77    1657.66
12.763     2067.68    2063.40    1686.28
13.018     2095.80    2091.52    1714.41
13.273     2124.30    2120.02    1742.91
13.531     2153.68    2149.40    1772.28
13.804     2183.55    2179.27    1802.16
14.077     2214.05    2209.77    1832.66
14.338     2242.93    2238.65    1861.53
14.599     2271.93    2267.65    1890.53
14.861     2301.46    2297.17    1920.06
15.121     2330.05    2325.77    1948.66
15.379     2358.43    2354.15    1977.03
15.651     2389.93    2385.65    2008.53
15.944     2421.93    2417.65    2040.53
16.247     2455.05    2450.77    2073.66
16.559     2490.68    2486.40    2109.28
16.868     2523.80    2519.52    2142.41
17.154     2554.93    2550.65    2173.53
17.423     2444.88    2440.59    2063.48
17.689     2379.07    2374.79    1997.67
17.953     2421.61    2417.33    2040.21
18.213     2461.25    2456.97    2079.86
18.473     2496.16    2491.88    2114.76
18.746     2532.72    2528.44    2151.32
19.033     2565.60    2561.31    2184.20
19.324     2559.08    2554.80    2209.82
19.613     1953.47    1949.19    1627.97
19.891     1983.34    1979.06    1657.85
20.158     2012.84    2008.56    1687.35
20.423     2041.47    2037.19    1715.97
20.683     2070.47    2066.19    1744.97
20.942     2098.72    2094.44    1773.22
21.201     2127.84    2123.56    1802.35
21.459     2156.09    2151.81    1830.60
21.720     2185.09    2180.81    1859.60
21.978     2213.18    2208.89    1887.68
22.235     2241.47    2237.19    1915.97
22.507     2272.34    2268.06    1946.85
22.784     2302.47    2298.19    1976.97
23.075     2335.72    2331.44    2010.22
23.369     2367.09    2362.81    2041.60
23.647     2397.47    2393.19    2071.97
23.922     2427.09    2422.81    2101.60
24.192     2456.84    2452.56    2131.35
24.463     2487.09    2482.81    2161.60
24.734     2516.59    2512.31    2191.10
25.004     2545.84    2541.56    2220.35
25.273     2575.97    2571.69    2250.47
25.536     2604.97    2600.69    2279.47
25.825     2638.72    2634.44    2313.22
26.141     2672.84    2668.56    2347.35
26.460     2698.54    2694.26    2373.05
26.787     2717.50    2713.22    2392.01
27.117     2747.50    2743.21    2422.00
27.441     2773.87    2769.59    2448.38
27.759     2775.27    2770.99    2449.78
28.057     2784.92    2780.63    2459.43
28.334     2793.83    2789.54    2468.34
28.611     2797.63    2793.35    2472.14
28.904     2816.65    2812.37    2491.16
29.213     2852.00    2847.71    2526.50
29.525     2886.87    2882.59    2561.38
29.847     2922.87    2918.59    2597.38
30.181     2960.37    2956.09    2634.88
30.522     2998.75    2994.46    2673.25
30.839     3033.87    3029.59    2708.38
31.149     3068.25    3063.96    2742.75
31.455     3102.87    3098.59    2777.38
31.760     3136.67    3132.38    2811.18
32.072     3172.25    3167.96    2846.75
32.364     3204.37    3200.09    2878.88
32.648     3235.87    3231.59    2910.38
32.934     3267.87    3263.59    2942.38
33.218     3299.50    3295.21    2974.00
33.501     3331.00    3326.71    3005.50
33.790     3363.62    3359.34    3038.13
34.085     3396.37    3392.09    3070.88
34.386     3430.80    3426.52    3105.31
34.685     3463.43    3459.15    3137.94
34.977     3496.05    3491.77    3170.56
35.284     3530.30    3526.02    3204.81
35.614     3567.30    3563.02    3241.81
35.942     3604.87    3600.58    3279.38
36.255     3639.05    3634.77    3313.56
36.592     3677.74    3673.46    3352.25
36.957     3720.49    3716.21    3395.00
37.313     3765.41    3761.13    3439.93
37.664     3806.22    3801.94    3480.74
38.036     3845.11    3840.83    3519.63
38.394     3945.45    3941.16    3619.96
38.725     3981.25    3976.96    3655.77
39.091     4017.53    4013.24    3692.05
39.500     4062.19    4057.90    3736.71
39.915     4186.74    4182.46    3861.26
40.272     4260.27    4255.98    3934.79
40.573     4294.46    4290.17    3968.98
40.872     4327.58    4323.30    4002.10
41.173     4361.43    4357.15    4035.95
41.473     4394.71    4390.42    4069.23
41.773     4428.34    4424.06    4102.86
42.076     4477.90    4473.62    4152.42
42.384     4559.02    4554.74    4233.54
42.686     4591.75    4587.47    4266.27
42.988     4625.34    4621.05    4299.86
43.292     4659.90    4655.62    4334.42
43.598     4693.15    4688.87    4367.67
43.904     4727.40    4723.12    4401.92
44.212     4761.40    4757.12    4435.92
44.522     4796.65    4792.37    4471.17
44.829     4830.52    4826.23    4505.04
45.137     4913.59    4909.30    4588.11
45.448     4998.95    4994.67    4673.47
45.757     5033.43    5029.14    4707.95
46.065     5067.80    5063.52    4742.32
46.371     5101.80    5097.52    4776.32
46.679     5136.18    5131.89    4810.70
46.989     5170.68    5166.39    4845.20
47.317     5207.55    5203.27    4882.07
47.657     5245.55    5241.27    4920.07
47.990     5282.18    5277.89    4956.70
48.327     5319.05    5314.77    4993.57
48.663     5357.18    5352.89    5031.70
48.983     5393.07    5388.78    5067.59
49.295     5427.55    5423.27    5102.07
49.608     5462.55    5458.27    5137.07
49.921     5497.30    5493.02    5171.82
50.236     5532.55    5528.27    5207.07
50.551     5567.55    5563.27    5242.07
50.869     5602.55    5598.27    5277.07
51.187     5638.05    5633.77    5312.57
51.504     5673.43    5669.14    5347.95
51.821     5709.18    5704.89    5383.70
52.137     5744.12    5739.84    5418.64
52.453     5780.26    5775.98    5454.78
52.770     5816.20    5811.92    5490.72
53.100     5854.80    5850.52    5529.32
53.461     5894.86    5890.57    5569.38
53.810     5931.80    5927.52    5606.32
54.132     5967.18    5962.89    5641.70
54.456     6002.80    5998.52    5677.32
54.780     6038.18    6033.89    5712.70
55.103     6077.87    6073.58    5752.39
55.426     6113.70    6109.29    5788.22
55.755     6150.07    6145.66    5824.59
56.083     6185.67    6181.26    5860.19
56.407     6221.09    6216.68    5895.61
56.733     6257.55    6253.14    5932.07
57.066     6293.55    6289.08    5968.07
57.426     6335.93    6331.41    6010.45
57.806     6377.80    6373.29    6052.32
58.193     6420.80    6416.29    6095.32
58.587     6464.55    6460.04    6139.09
58.978     6507.18    6502.71    6181.71
59.339     6543.80    6539.33    6218.34
59.656     6004.11    5999.64    5678.65
59.955     6036.86    6032.39    5711.40
60.255     6069.99    6065.52    5744.53
60.556     6103.24    6098.77    5777.78
60.869     6138.74    6134.27    5813.28
61.182     6171.86    6167.39    5846.40
61.486     6205.11    6200.64    5879.65
61.789     6237.80    6233.33    5912.34
62.092     6271.49    6267.02    5946.03
62.395     6304.29    6299.82    5978.83
62.698     6336.78    6332.31    6011.32
63.002     6370.39    6365.92    6044.93
63.307     6402.26    6397.79    6076.80
63.613     6436.74    6432.27    6111.28
63.919     6471.11    6466.64    6145.65
64.226     6504.49    6500.02    6179.03
64.532     6537.86    6533.39    6212.40
64.840     6571.55    6567.08    6246.09
65.148     6604.94    6600.47    6279.48
65.456     6639.55    6635.08    6314.09
65.766     6671.71    6667.24    6346.25
66.077     6705.36    6700.88    6379.89
66.385     6739.75    6735.28    6414.29
66.695     6773.88    6769.40    6448.41
67.004     6808.69    6804.22    6483.23
67.315     6843.44    6838.97    6517.98
67.625     6877.82    6873.35    6552.36
67.934     6912.19    6907.72    6586.73
68.244     6946.81    6942.34    6621.35
68.563     6983.00    6978.53    6657.54
68.880     7017.50    7013.03    6692.04
69.191     7052.50    7048.22    6727.04
69.502     7087.25    7082.97    6761.79
69.813     7122.00    7117.72    6796.54
70.125     7156.88    7152.59    6831.41
70.436     7191.68    7187.40    6866.22
70.749     7226.87    7222.58    6901.41
71.062     7261.74    7257.46    6936.28
71.374     7296.62    7292.33    6971.16
71.690     7332.12    7327.83    7006.66
72.006     7367.37    7363.08    7041.91
72.322     7402.58    7398.30    7077.12
72.638     7438.00    7433.71    7112.54
72.955     7473.54    7469.26    7148.08
73.271     7493.11    7488.83    7167.65
73.588     7535.30    7531.02    7209.84
73.924     7581.11    7576.83    7255.65
74.279     7619.59    7615.31    7294.13
74.635     7659.47    7655.19    7334.01
74.990     7698.67    7694.38    7373.21
75.348     7738.00    7733.72    7412.54
75.706     7776.67    7772.39    7451.21
76.062     7814.73    7810.45    7489.27
76.417     7854.31    7850.03    7528.85
76.772     7893.62    7889.33    7568.16
77.127     7933.24    7928.96    7607.78
77.482     7973.02    7968.74    7647.56
77.839     8012.89    8008.60    7687.43
78.198     8059.80    8055.51    7734.34
78.561     8105.30    8101.01    7779.84
78.924     8145.64    8141.36    7820.18
79.303     8187.22    8182.94    7861.76
79.682     8230.61    8226.33    7905.15
80.042     8270.73    8266.45    7945.27
80.402     8311.15    8306.87    7985.69
80.763     8351.30    8347.01    8025.84
81.127     8392.64    8388.35    8067.18
81.493     8433.99    8429.71    8108.53
81.859     8472.44    8468.15    8146.98
82.223     8512.98    8508.69    8187.52
82.583     8553.31    8549.03    8227.85
82.944     8593.56    8589.28    8268.10
83.307     8634.19    8629.90    8308.73
83.670     8674.94    8670.65    8349.48
84.035     8715.69    8711.40    8390.23
84.404     8756.81    8752.53    8431.35
84.773     8797.94    8793.65    8472.48
85.141     8837.94    8833.65    8512.48
85.508     8878.69    8874.40    8553.23
85.875     8919.56    8915.28    8594.10
86.243     8960.81    8956.53    8635.35
86.610     9002.06    8997.78    8676.60
86.978     9042.94    9038.65    8717.48
87.348     9084.06    9079.78    8758.60
87.718     9125.06    9120.78    8799.60
88.090     9166.49    9162.21    8841.03
88.461     9211.52    9207.24    8886.06
88.833     9253.54    9249.25    8928.07
89.205     9296.06    9291.78    8970.60
89.578     9337.44    9333.15    9011.98
89.951     9378.69    9374.40    9053.23
90.326     9420.06    9415.78    9094.60
90.699     9461.56    9457.28    9136.10
91.072     9504.19    9499.90    9178.73
91.451     9547.75    9543.47    9222.29
91.831     9594.95    9590.67    9269.49
92.216     9638.18    9633.89    9312.71
92.605     9681.18    9676.89    9355.71
92.993     9724.55    9720.27    9399.09
93.383     9767.80    9763.52    9442.34
93.766     9809.93    9805.64    9484.46
94.143     9852.05    9847.77    9526.59
94.522     9894.55    9890.27    9569.09
94.906     9937.55    9933.27    9612.09
95.292     9980.55    9976.27    9655.09
95.681    10024.43   10020.14    9698.96
96.070    10066.86   10062.58    9741.40
96.456    10110.11   10105.83    9784.65
96.845    10152.74   10148.46    9827.28
97.231    10195.11   10190.83    9869.65
97.617    10237.61   10233.33    9912.15
98.003    10279.96   10275.68    9954.50
98.392    10323.03   10318.75    9997.57
98.782    10363.47   10359.19   10038.01
99.171    10405.06   10400.78   10079.60
99.560    10447.55   10443.27   10122.09
99.924     9915.11    9910.83    9589.65
100.265    9952.99    9948.71    9627.53
100.608    9990.30    9986.01    9664.84
100.949   10028.55   10024.26    9703.09
101.291   10066.46   10062.17    9741.00
101.632   10103.66   10099.37    9778.20
101.973   10138.77   10134.49    9813.31
102.314   10175.99   10171.71    9850.53
102.657   10213.60   10209.32    9888.14
102.999   10251.67   10247.38    9926.21
103.343   10289.54   10285.26    9964.08
103.693   10328.67   10324.38   10003.21
104.045   10366.67   10362.38   10041.21
104.394   10404.67   10400.38   10079.21
104.742   10443.04   10438.76   10117.58
105.090   10481.42   10477.13   10155.96
105.438   10519.67   10515.38   10194.21
105.784   10557.67   10553.38   10232.21
106.130   10595.79   10591.51   10270.33
106.478   10634.42   10630.13   10308.96
106.826   10672.92   10668.63   10347.46
107.175   10711.29   10707.01   10385.83
107.524   10750.04   10745.76   10424.58
107.873   10788.42   10784.13   10462.96
108.224   10827.42   10823.13   10501.96
108.577   10865.91   10861.63   10540.45
108.928   10904.95   10900.67   10579.49
109.280   10943.90   10939.62   10618.44
109.634   10982.90   10978.62   10657.44
110.010   11025.86   11021.57   10700.39
110.410   11068.81   11064.53   10743.35
110.811   11114.81   11110.53   10789.35
111.210   11157.99   11153.71   10832.53
111.607   11200.92   11196.64   10875.46
112.008   11242.43   11238.15   10916.97
112.410   11286.56   11282.28   10961.10
112.813   11331.68   11327.40   11006.22
113.212   11376.30   11372.01   11050.84
113.615   11420.68   11416.39   11095.21
114.020   11468.18   11463.90   11142.72
114.426   11513.04   11508.76   11187.58
114.835   11559.54   11555.26   11234.08
115.244   11604.96   11600.68   11279.50
115.654   11650.29   11646.01   11324.83
116.064   11696.54   11692.26   11371.08
116.473   11742.92   11738.63   11417.46
116.883   11787.67   11783.38   11462.21
117.294   11835.01   11830.72   11509.55
117.703   11881.60   11877.31   11556.14
118.111   11928.55   11924.27   11603.09
118.521   11974.04   11969.75   11648.57
118.930   12019.91   12015.63   11694.45
119.346   12065.91   12061.63   11740.45
119.759   12112.66   12108.38   11787.20
120.169   12158.21   12153.80   11832.75
120.580   12204.31   12199.90   11878.85
120.990   12249.79   12245.37   11924.32
121.400   12295.79   12291.34   11970.32
121.811   12341.29   12336.77   12015.82
122.223   12386.79   12382.27   12061.32
122.642   12433.41   12428.90   12107.95
123.058   12480.66   12476.15   12155.21
123.473   12526.22   12521.75   12200.77
123.890   12574.69   12570.22   12249.24
124.307   12624.20   12619.73   12298.75
124.724   12671.30   12666.83   12345.85
125.137   12718.27   12713.80   12392.82
125.560   12765.77   12761.30   12440.32
125.995   12814.52   12810.05   12489.07
126.417   12860.27   12855.80   12534.82
126.831   12906.02   12901.55   12580.57
127.246   12952.27   12947.80   12626.82
127.663   13000.77   12996.30   12675.32
128.080   13054.02   13049.55   12728.57
128.496   13099.94   13095.47   12774.49
128.957   13155.95   13151.48   12830.50
129.463   13212.33   13207.86   12886.88
129.962   13254.70   13250.23   12929.25
130.390   12722.89   12718.42   12397.44
130.758   12764.02   12759.55   12438.57
131.129   12805.02   12800.54   12479.57
131.500   12846.14   12841.67   12520.69
131.868   12886.89   12882.42   12561.44
132.238   12928.39   12923.92   12602.94
132.611   12969.50   12965.03   12644.05
132.981   13010.39   13005.92   12684.94
133.350   13051.52   13047.23   12726.07
133.722   13093.03   13088.75   12767.58
134.095   13134.06   13129.78   12808.61
134.469   13174.99   13170.70   12849.54
134.843   13215.40   13211.11   12889.95
135.217   13256.09   13251.81   12930.64
135.594   13299.34   13295.06   12973.89
135.970   13339.97   13335.68   13014.52
136.343   13381.72   13377.44   13056.27
136.727   13425.22   13420.93   13099.77
137.121   13469.22   13464.94   13143.77
137.516   13512.59   13508.31   13187.14
137.907   13556.87   13552.58   13231.42
138.298   13597.93   13593.64   13272.48
138.686   13638.99   13634.71   13313.54
139.077   13681.78   13677.50   13356.33
139.471   13726.53   13722.25   13401.08
139.859   13768.41   13764.12   13442.96
140.240   13809.78   13805.50   13484.33
140.626   13852.41   13848.12   13526.96
141.016   13896.03   13891.75   13570.58
141.405   13939.28   13935.00   13613.83
141.790   13981.34   13977.06   13655.89
142.180   14025.59   14021.31   13700.14
142.580   14069.09   14064.81   13743.64
142.973   14112.21   14107.93   13786.77
143.354   14154.59   14150.31   13829.14
143.731   14195.84   14191.56   13870.39
144.110   14238.06   14233.78   13912.61
144.491   14279.81   14275.53   13954.36
144.873   14302.95   14298.66   13977.50
145.261   14346.62   14342.34   14021.18
145.656   14391.61   14387.32   14066.16
146.056   14435.86   14431.57   14110.41
146.445   14478.48   14474.20   14153.03
146.827   14520.23   14515.95   14194.78
147.214   14549.46   14545.26   14224.15
147.601   14549.46   14545.26   14224.15
147.986   14475.22   14468.80   14207.62
148.345    9927.88    9920.48    9879.95
148.617     777.78     770.39     771.03
ERROR: can't open /proc/2615567/smaps: No such file or directory at ../wss.pl line 226.
