Watching PID 32452 page references for every 0.2 seconds...
Est(s)     RSS(MB)    PSS(MB)    Ref(MB)
0.212       459.35     454.85       0.24
0.207       459.35     454.85       0.24
0.207       459.35     454.85       0.24
0.208       459.35     454.85       0.24
0.209       459.35     454.85       0.24
0.210       459.35     454.85       0.24
0.210       459.35     454.85       0.24
0.211       459.35     454.85       0.24
0.211       459.39     454.80       3.38
0.214       722.99     718.36     278.28
0.218       749.64     745.01      78.89
0.221       776.87     772.23      79.92
0.219       804.18     799.54      79.87
0.223       843.52     838.88     102.57
0.227      1758.11    1753.47     878.73
0.234      1788.29    1783.66      86.31
0.233      1818.44    1813.80      86.85
0.233      1848.32    1843.69      86.78
0.234      1878.76    1874.12      86.65
0.231      1908.76    1904.12      86.12
0.231      1938.31    1933.67      85.50
0.230      1967.46    1962.83      85.54
0.230      1997.37    1992.74      85.18
0.231      2026.88    2022.25      86.04
0.231      2056.48    2051.84      85.79
0.232      2121.54    2116.90     120.92
0.232      2151.45    2146.81      85.13
0.232      2181.29    2176.65      86.75
0.234      2358.39    2353.76     234.66
0.243      3337.19    3332.56     973.80
0.253      3371.82    3367.18      96.81
0.251      3405.94    3401.31      95.70
0.248      3439.44    3434.81      93.51
0.257      3474.69    3470.06      96.84
0.258      3510.44    3505.81      99.60
0.257      3546.04    3541.40      97.09
0.262      3582.57    3577.93     102.24
0.252      3616.94    3612.31      95.24
0.260      3652.94    3648.31      98.06
0.274      3691.53    3686.89     105.23
0.267      3728.32    3723.68     102.35
0.253      3762.82    3758.18      95.68
0.263      3799.32    3794.68      98.48
0.281      3838.94    3834.31     106.25
0.266      3876.45    3871.82     100.23
0.283      3916.69    3912.06     107.61
0.283      3957.19    3952.56     107.25
0.275      3995.69    3991.06     105.28
0.272      4034.07    4029.43     101.54
0.275      4072.44    4067.81     104.42
0.264      4109.82    4105.18     100.00
0.275      4148.50    4143.87     101.93
0.289      4190.00    4185.37     107.73
0.276      4229.50    4224.87     102.46
0.290      4270.88    4266.24     107.13
0.279      4310.50    4305.87     104.96
0.279      4385.39    4380.76     139.52
0.293      4428.41    4423.78     110.41
0.282      4568.39    4563.75     137.11
0.279      4875.11    4870.48     330.12
0.264      4589.84    4585.21     398.08
0.272      4648.97    4644.33     159.24
0.262      4762.81    4758.18     234.51
0.277      4887.38    4882.74     364.34
0.266      5007.45    5002.82     407.68
0.271      5032.96    5028.32     356.12
0.276      5035.61    5030.97     160.85
0.276      5127.43    5122.80     168.86
0.269      5225.71    5221.07     267.13
0.269      5263.90    5259.27     212.38
0.268      5341.13    5336.50     171.79
0.273      5415.07    5410.43     159.68
0.271      5418.84    5414.21     168.52
0.273      5422.50    5417.87     141.34
0.274      5532.09    5527.45     176.28
0.275      5571.67    5567.04     100.09
0.276      5611.30    5606.66     100.13
0.285      5652.47    5647.84     176.01
0.280      5691.85    5687.22     164.04
0.283      5733.00    5728.37      93.87
0.283      5774.38    5769.74      94.51
0.284      5816.00    5811.37      95.05
0.284      5857.57    5852.93      96.18
0.281      5898.12    5893.49      94.95
0.277      5974.34    5969.70     201.70
0.282      5983.46    5978.83     152.26
0.278      6092.52    6087.88     346.92
0.292      6294.56    6289.93     826.72
0.306      5240.36    5235.72    1142.32
0.319      5027.78    5023.14    1082.95
0.326      4689.88    4685.24     824.33
0.298      4544.54    4539.91     745.09
0.300      4362.81    4358.18     473.79
0.289      4391.56    4386.92     399.59
0.289      4466.71    4462.08     448.93
0.289      4579.35    4574.72     455.52
0.294      4479.57    4474.94     222.90
0.293      4556.50    4551.86     245.92
0.292      4561.58    4556.95     245.10
0.295      4708.57    4703.94     268.27
0.291      4718.84    4714.21     150.20
0.296      4835.12    4830.49     194.35
0.298      4841.11    4836.47     190.98
0.298      4917.80    4913.16     303.43
0.302      4994.21    4989.58     221.03
0.305      5074.25    5069.62     156.66
0.303      5080.68    5076.05     142.34
0.305      5124.06    5119.43     108.59
0.300      5201.37    5196.74     271.74
0.304      5072.52    5067.89     151.72
0.306      5150.61    5145.97     182.97
0.323      5196.77    5192.14     115.83
0.311      5241.29    5236.65     110.24
0.322      5287.82    5283.19     258.86
0.311      5401.22    5396.58     487.30
0.310      5379.23    5374.60     550.45
0.306      5427.43    5422.79     801.98
0.317      5335.95    5331.31     746.47
0.347      5172.91    5168.28     548.85
0.309      5003.82    4999.18     309.45
0.313      5071.34    5066.71     396.53
0.309      5145.10    5140.47     585.49
0.307      5123.83    5119.19     472.84
0.301      5024.43    5019.80     299.31
0.312      5138.59    5133.96     451.90
0.312      5113.64    5109.01     324.92
0.334      5091.10    5086.46     254.95
0.319      5137.48    5132.85     191.04
0.314      5252.93    5248.29     263.69
0.316      5356.44    5351.80     420.67
0.344      5409.82    5405.19     334.85
0.326      5318.95    5314.31     223.21
0.309      5362.90    5358.26     132.87
0.310      5440.69    5436.05     157.98
0.336      5452.73    5448.10     230.05
0.326      5536.32    5531.69     156.42
0.318      5615.43    5610.79     156.93
0.318      5696.46    5691.82     114.74
0.341      5725.98    5721.34     256.14
0.342      5823.47    5818.84     425.52
0.327      5723.27    5718.64     387.46
0.350      5712.18    5707.54     316.69
0.331      5605.59    5600.96     389.77
0.343      5735.57    5730.94     579.09
0.327      5624.24    5619.61     504.41
0.318      5609.16    5604.52     471.52
0.314      5537.16    5532.53     373.90
0.328      5720.14    5715.51     628.15
0.339      5680.69    5676.06     542.88
0.332      5566.40    5561.76     332.71
0.348      5587.80    5583.17     268.89
0.331      5675.79    5671.16     363.31
0.341      5745.84    5741.20     244.41
0.343      5688.43    5683.79     253.56
0.338      5867.98    5863.35     283.45
0.328      6130.33    6125.69     411.28
0.345      6260.94    6256.30     319.17
0.327      6200.44    6195.80     266.18
0.346      6385.76    6381.13     453.16
0.336      6446.52    6441.88     157.43
0.331      6583.85    6579.21     203.69
0.345      6735.98    6731.34     387.01
0.341      6746.84    6742.20     260.16
0.355      6863.96    6859.33     201.27
0.345      6913.60    6908.97     127.77
0.365      7031.67    7027.04     170.66
0.349      7122.42    7117.79     170.30
0.362      7170.92    7166.29     132.65
0.351      7221.30    7216.66     127.98
0.355      7269.12    7264.49     129.53
0.377      7320.25    7315.62     145.86
0.351      7407.96    7403.33     130.66
0.366      7457.67    7453.04     127.99
0.367      7509.12    7504.49     128.19
0.353      7559.84    7555.21     122.06
0.362      7609.21    7604.58     126.65
0.359      7659.77    7655.13     230.78
0.359      7781.76    7777.12     445.78
0.385      7871.18    7866.54     452.15
0.374      7821.86    7817.23     186.02
0.371      7908.94    7904.30     149.16
0.377      8138.22    8133.59     357.21
0.393      8195.58    8190.95     386.37
0.425      8431.99    8427.35     398.47
0.440      8559.08    8554.44     454.82
0.411      8795.96    8791.33     513.92
0.480      8684.18    8679.55     272.27
0.405      8811.50    8806.87     273.22
0.490      8856.52    8851.89     232.77
0.500      8987.70    8983.06     282.97
0.487      9051.49    9046.85     214.75
0.422      9146.90    9142.26     291.82
0.501      8761.36    8756.72     206.93
0.439      8893.66    8889.03     225.72
0.500      8940.49    8935.85     182.11
0.501      9003.46    8998.82     208.54
0.503      9069.22    9064.59     191.04
0.496      9130.91    9126.27     497.17
0.417      9141.23    9136.60     532.37
0.492      9006.54    9001.90     340.55
0.457      9009.88    9005.24     467.41
0.415      8902.69    8898.06     372.09
0.442      9007.12    9002.49     597.95
0.518      8795.37    8790.74     428.39
0.447      8749.78    8745.14     288.57
0.536      8919.13    8914.49     557.84
0.528      8913.95    8909.31     572.18
0.493      8846.68    8842.05     344.07
0.491      8951.51    8946.88     373.48
0.426      9043.09    9038.45     481.30
0.502      8889.43    8884.80     187.58
0.509      9055.11    9050.48     363.57
0.508      9156.81    9152.18     264.34
0.510      9205.40    9200.77     313.30
0.431      9296.80    9292.17     356.60
0.508      9254.94    9250.31     269.65
0.524      9316.29    9311.65     332.89
0.523      9336.53    9331.90     310.14
0.524      9445.05    9440.41     311.23
0.441      9428.37    9423.73     275.48
0.527      9496.38    9491.74     418.46
0.475      9393.34    9388.71     214.13
0.533      9503.34    9498.71     418.80
0.531      9375.95    9371.31     340.82
0.560      9345.93    9341.30     347.74
0.557      9333.23    9328.60     385.18
0.570      9320.73    9316.10     459.29
0.567      9307.85    9303.21     442.40
0.544      9285.71    9281.08     332.19
0.571      9243.11    9238.47     392.07
0.572      9416.32    9411.69     375.31
0.575      9401.50    9396.87     259.77
0.574      9483.17    9478.54     285.97
0.578      9493.07    9488.44     301.54
0.581      9600.73    9596.09     319.27
0.585      9822.83    9818.19     397.66
0.536      9846.57    9841.94     264.18
0.503     10098.11   10093.48     488.76
0.596     10310.46   10305.82     410.80
0.606     10308.33   10303.70     358.55
0.595     10345.12   10340.48     306.52
0.504     10520.88   10516.24     304.81
0.444     10664.36   10659.72     231.65
0.518     10771.43   10766.79     269.97
0.614     10921.57   10916.93     270.09
0.481     11038.39   11033.75     223.54
0.527     11109.01   11104.38     203.52
0.626     11224.48   11219.84     273.66
0.628     11305.73   11301.09     192.05
0.597     11385.98   11381.34     180.07
0.531     11460.10   11455.47     326.96
0.636     11581.48   11576.85     359.59
0.636     11733.70   11729.06     323.12
0.539     11976.93   11972.29     451.00
0.472     12062.15   12057.52     437.19
0.514     12106.16   12101.52     510.78
0.539     12219.20   12214.56     491.73
0.613     12406.92   12402.28     448.87
0.479     12447.32   12442.69     330.74
0.558     12510.95   12506.31     325.48
0.635     12663.02   12658.38     360.52
0.648     12821.15   12816.52     269.52
0.534     12853.84   12849.21     225.53
0.671     12941.07   12936.44     305.88
0.605     13029.72   13025.08     200.64
0.690     13221.80   13217.16     316.33
0.581     13274.26   13269.62     269.99
0.675     13381.26   13376.62     355.89
0.583     13373.95   13369.31     389.14
0.623     13319.64   13315.01     399.45
0.571     13301.60   13296.96     514.45
0.588     13466.98   13462.35     637.75
0.508     13301.70   13297.06     616.63
0.586     13217.06   13212.42     445.78
0.563     13058.25   13053.61     435.58
0.698     13129.22   13124.58     378.22
0.515     13127.09   13122.46     429.67
0.607     13181.64   13177.01     393.10
0.520     13201.02   13196.38     491.57
0.496     13374.57   13369.94     578.70
0.509     13178.31   13173.68     362.68
0.574     13277.76   13273.13     468.02
0.565     13393.96   13389.33     408.69
0.663     13411.29   13406.66     229.17
0.621     13464.82   13460.18     301.66
0.591     13500.66   13496.03     273.44
0.624     13655.38   13650.74     361.27
0.600     13554.19   13549.56     321.99
0.718     13627.73   13623.10     267.48
0.735     13813.87   13809.23     408.99
0.579     13870.70   13866.06     602.93
0.675     13801.63   13796.99     591.47
0.623     13722.73   13718.10     415.49
0.604     13465.39   13460.76     346.64
0.593     13576.48   13571.85     440.71
0.639     13559.92   13555.28     435.52
0.619     13713.11   13708.48     393.22
0.650     13676.25   13671.62     387.73
0.623     13671.63   13666.99     344.95
0.639     13687.92   13683.29     272.80
0.619     13796.04   13791.40     418.11
0.544     13680.54   13675.90     204.98
0.604     13760.68   13756.04     363.62
0.525     13874.41   13869.78     323.55
0.540     14047.57   14042.93     347.62
0.619     14335.23   14330.60     503.98
0.645     14419.99   14415.35     295.52
0.611     14546.02   14541.38     391.66
0.636     14577.06   14572.43     251.51
0.631     14702.83   14698.19     456.65
0.615     14716.39   14711.76     388.90
0.660     14989.05   14984.42     469.48
0.799     14956.83   14952.20     268.83
0.555     15064.25   15059.62     291.41
0.668     15252.63   15247.99     366.25
0.807     15356.06   15351.43     275.07
0.749     15457.71   15453.07     216.79
0.677     15548.96   15544.32     246.01
0.821     15611.65   15607.02     210.93
0.775     15710.18   15705.54     268.99
0.683     15846.05   15841.42     390.86
0.826     15815.99   15811.36     357.57
0.785     15781.20   15776.57     431.44
0.813     15722.18   15717.54     326.50
0.811     15792.23   15787.60     470.86
0.727     15810.80   15806.17     385.82
0.675     15781.47   15776.84     472.15
0.583     15774.21   15769.58     380.00
0.683     15880.02   15875.39     417.20
0.783     15850.36   15845.73     249.02
0.804     15831.88   15827.24     341.81
0.654     15859.18   15854.55     408.91
0.811     15849.79   15845.15     156.61
0.821     15819.36   15814.72     283.88
0.821     15816.05   15811.42     322.77
0.729     15668.75   15664.12     328.92
0.711     15729.28   15724.64     354.54
0.809     15733.37   15728.73     424.28
0.664     15778.28   15773.65     691.65
0.617     15640.77   15636.13     408.52
0.665     15615.07   15610.44     493.46
0.746     15747.94   15743.31     571.90
0.757     15521.27   15516.63     418.05
0.578     15505.29   15500.65     513.88
0.677     15763.20   15758.56     834.29
0.648     15406.42   15401.78     397.15
0.676     15492.25   15487.62     379.96
0.680     15582.77   15578.13     433.50
0.724     15601.16   15596.53     296.31
0.693     15697.21   15692.57     415.31
0.837     15805.11   15800.47     263.86
0.748     15901.51   15896.87     339.21
0.684     15760.57   15755.94     296.20
0.813     15837.41   15832.77     360.88
0.667     15756.27   15751.63     253.90
0.690     15748.39   15743.76     411.20
0.594     15769.68   15765.05     407.59
0.660     15744.00   15739.37     440.55
0.576     15666.90   15662.26     306.46
0.682     15525.68   15521.05     356.72
0.762     15688.90   15684.26     419.70
0.791     15598.98   15594.35     342.88
0.697     15639.55   15634.91     411.48
0.808     15649.68   15645.05     457.07
0.791     15626.22   15621.59     360.41
0.823     15750.51   15745.88     528.71
0.783     15565.26   15560.63     361.63
0.761     15688.21   15683.58     404.88
0.595     15717.71   15713.08     344.97
0.711     15917.83   15913.19     322.43
0.753     15818.20   15813.56     414.23
0.703     15671.66   15667.03     457.70
0.845     15779.47   15774.84     229.77
0.758     15806.59   15801.95     313.70
0.681     15822.84   15818.21     388.68
0.704     15705.53   15700.90     328.92
0.835     15798.23   15793.60     249.34
0.740     15865.27   15860.64     275.50
0.706     15827.58   15822.95     261.04
0.851     15819.95   15815.31     255.97
0.744     15888.65   15884.01     230.52
0.708     15943.93   15939.30     248.21
0.857     16025.80   16021.16     329.00
0.748     16021.65   16017.02     439.94
0.857     16081.98   16077.35     271.78
0.787     16136.66   16132.02     360.62
0.720     16216.80   16212.17     448.63
0.869     16245.02   16240.39     296.73
0.769     16130.59   16125.95     369.66
0.659     16229.51   16224.87     380.12
0.744     16190.04   16185.40     406.82
0.717     14943.04   14938.40     399.07
0.687     14934.98   14930.35     343.83
0.618     15023.02   15018.38     216.11
0.585     15007.55   15002.92     249.62
0.542     15007.43   15002.80     272.21
0.599     15036.33   15031.69     372.70
0.646     15045.75   15041.11     247.59
0.558     15059.30   15054.67     254.56
0.613     14987.34   14982.71     224.52
0.661     15046.47   15041.84     245.20
0.753     14980.80   14976.17     418.72
0.733     14944.10   14939.47     487.56
0.514     14838.36   14833.72     251.61
0.608     14785.21   14780.57     339.02
0.612     14933.53   14928.89     606.38
0.726     14659.31   14654.67     372.07
0.698     14759.98   14755.35     500.88
0.600     14663.12   14658.48     496.20
0.634     12171.28   12166.64     539.54
0.635     12038.50   12033.87     480.41
0.541     12191.24   12186.61     595.35
0.641     12032.88   12028.24     355.67
0.487     12061.88   12057.25     265.23
0.543     12058.37   12053.74     320.70
0.622     12285.05   12280.42     444.55
0.541     12126.56   12121.93     314.98
0.487     12181.33   12176.69     204.21
0.550     12274.17   12269.53     293.64
0.600     12293.62   12288.99     345.32
0.472     12312.51   12307.87     270.68
0.519     12203.09   12198.45     219.99
0.548     12228.46   12223.83     219.46
0.553     12298.75   12294.11     313.10
0.584     12272.45   12267.82     449.55
0.591     12066.45   12061.81     392.32
0.600     11874.07   11869.43     341.77
0.616     11788.25   11783.61     450.40
0.617     11760.43   11755.79     665.21
0.592     11443.05   11438.42     326.17
0.595     11090.40   11085.77      39.03
0.595     11045.28   11039.67       8.27
0.519      8706.63    8699.53     275.09
0.371       408.45     408.43      67.16
ERROR: can't open /proc/32452/clear_refs (older kernel?): No such file or directory at ../wss.pl line 203.
