Watching PID 3304336 page references for every 0.2 seconds...
Est(s)     RSS(MB)    PSS(MB)    Ref(MB)
0.215       458.96     454.55      19.62
0.207       458.96     454.55       0.24
0.207       458.96     454.55       0.24
0.211       458.96     454.55       0.25
0.210       458.96     454.55       0.24
0.210       458.96     454.55       0.24
0.210       458.96     454.55       0.24
0.211       458.96     454.55       0.24
0.213       459.31     454.82       5.28
0.226       725.94     721.39     277.75
0.231       755.91     751.36      86.62
0.231       785.33     780.78      85.49
0.232       815.23     810.68      86.16
0.245      1654.06    1649.51     869.43
0.265      1849.49    1844.94     136.25
0.264      1882.77    1878.22     102.99
0.262      1914.83    1910.28     103.10
0.263      1948.38    1943.82     103.08
0.263      1982.88    1978.33     103.33
0.264      2017.92    2013.37     101.96
0.267      2054.36    2049.81     103.82
0.268      2091.82    2087.28     103.42
0.268      2129.19    2124.64     103.39
0.268      2166.89    2162.34     104.01
0.273      2596.31    2591.76     566.06
0.288      3670.97    3666.42    1212.61
0.319      5746.07    5741.52    2665.02
0.339      5758.31    5753.76      51.17
0.338      5764.62    5760.07      51.85
0.339      5770.43    5765.88      51.15
0.337      5776.75    5772.20      51.01
0.336      5782.45    5777.90      51.00
0.338      5788.84    5784.29      51.28
0.339      5795.03    5790.48      51.52
0.338      5800.80    5796.26      50.89
0.339      5807.38    5802.83      51.35
0.339      5813.78    5809.23      51.55
0.339      5819.68    5815.13      51.15
0.340      5826.22    5821.67      51.50
0.339      5832.40    5827.85      51.03
0.341      5839.60    5835.05      52.06
0.338      5845.86    5841.31      51.30
0.342      5852.56    5848.01      52.05
0.341      5859.38    5854.83      51.79
0.341      5866.22    5861.67      51.88
0.342      5872.72    5868.17      51.93
0.340      5879.55    5875.00      51.64
0.341      5885.95    5881.40      51.13
0.342      5893.26    5888.71      51.61
0.345      5796.11    5791.56      50.93
0.336      5231.76    5227.21      53.92
0.329      5239.09    5234.54      53.42
0.330      5244.84    5240.29      53.20
0.330      5252.23    5247.68      53.25
0.331      5259.84    5255.29      53.36
0.331      5267.32    5262.77      53.35
0.332      5274.48    5269.94      53.25
0.332      5282.23    5277.69      53.81
0.330      5288.66    5284.11      53.37
0.331      5296.36    5291.81      53.32
0.333      5303.89    5299.34      54.18
0.332      5310.98    5306.43      53.54
0.333      5318.95    5314.40      53.99
0.332      5326.49    5321.94      53.84
0.332      5341.57    5337.03      93.07
0.333      5349.15    5344.60      53.78
0.333      5356.95    5352.40      53.38
0.333      5364.73    5360.18      53.31
0.333      5372.82    5368.27      53.65
0.333      5381.46    5376.91      53.58
0.336      5390.33    5385.78      54.92
0.336      5398.93    5394.38      54.70
0.333      5407.14    5402.59      53.70
0.334      5415.29    5410.74      53.62
0.338      5424.01    5419.46      54.61
0.336      5432.82    5428.27      54.17
0.336      5441.96    5437.41      54.17
0.336      5451.26    5446.71      55.39
0.335      5462.04    5457.49      55.52
0.336      5478.16    5473.61      48.19
0.333      5485.06    5480.51      42.22
0.333      5492.88    5488.33      42.60
0.332      5500.46    5495.91      42.88
0.334      5508.55    5504.00      43.22
0.335      5516.40    5511.85      43.49
0.332      5523.99    5519.44      43.02
0.333      5531.59    5527.04      42.62
0.336      5539.70    5535.15      43.43
0.336      5547.68    5543.13      43.62
0.336      5555.66    5551.12      43.75
0.338      5568.82    5564.27     473.39
0.347      6223.62    6219.07    1212.54
0.401      7175.82    7171.27    1249.24
0.394      6561.03    6556.48     258.66
0.375      6564.43    6559.88      28.96
0.375      6609.68    6605.13      29.08
0.380      6655.30    6650.75      29.64
0.381      6701.68    6697.13      29.90
0.380      6747.68    6743.13      29.76
0.385      6794.43    6789.88      30.57
0.386      6841.55    6837.00      30.85
0.389      6888.68    6884.13      30.91
0.392      6936.43    6931.88      31.66
0.394      6984.55    6980.00      31.96
0.396      7033.18    7028.63      32.21
0.396      7081.68    7077.13      32.08
0.395      7130.18    7125.63      32.08
0.398      7178.93    7174.38      32.61
0.399      7227.55    7223.00      32.72
0.401      7275.83    7271.28      32.81
0.347      4390.18    4385.63      33.28
0.313      4426.30    4421.75      32.03
0.315      4462.80    4458.25      32.29
0.315      4499.18    4494.63      32.30
0.321      4536.68    4532.13      33.47
0.321      4573.91    4569.36      33.25
0.320      4610.55    4606.00      33.25
0.320      4646.93    4642.38      33.36
0.392      4511.77    4507.22     188.01
0.313      3639.28    3634.73     183.92
0.306      3662.77    3658.22      19.23
0.305      3700.39    3695.84      31.28
0.321      5341.56    5337.01    2016.04
0.434      9974.14    9969.60    5262.47
0.421     10069.58   10065.03    1138.63
0.370     10084.39   10079.85      88.64
0.384     10143.91   10139.37     115.32
0.385     10408.19   10403.64     405.42
0.388     10600.77   10596.22     375.77
0.391     10655.54   10650.99      68.45
0.393     10716.76   10712.21      92.34
0.409     10945.02   10940.47     900.39
0.434     11111.29   11106.74     238.97
0.430     11148.94   11144.39     153.04
0.424     11254.28   11249.73     446.57
0.428     11297.56   11293.01     191.96
0.437     11272.98   11268.43      50.07
0.435     11333.60   11329.05      61.26
0.442     11463.60   11459.05     384.13
0.443     11514.61   11510.06      55.46
0.446     11590.55   11586.00     268.95
0.448     11654.89   11650.34      56.49
0.448     11721.86   11717.31     112.12
0.450     11791.83   11787.28     340.20
0.453     11849.02   11844.47      67.41
0.394     10581.58   10577.03      53.14
0.381     10626.85   10622.30      47.23
0.381     10672.18   10667.63      47.40
0.382     10717.08   10712.53      46.73
0.381     10762.75   10758.20      47.52
0.383     10808.05   10803.50      43.82
0.384     10853.53   10848.98      41.92
0.384     10899.39   10894.84      42.07
0.386     10945.38   10940.83      42.14
0.389     10952.81   10948.26      65.66
0.421     10810.31   10805.76     317.28
0.421     10447.08   10442.61      55.72
0.401      9348.26    9340.69      25.59
0.351      6977.23    6968.32      39.17
0.318      4786.54    4777.64      39.84
0.292      2897.91    2889.00      58.84
0.289      2832.87    2823.97      44.13
0.275      2723.65    2714.75      37.30
0.237         0.00       0.00       0.00
ERROR: can't open /proc/3304336/clear_refs (older kernel?): Permission denied at ../wss.pl line 203.
