Watching PID 1869887 page references for every 0.2 seconds...
Est(s)     RSS(MB)    PSS(MB)    Ref(MB)
0.216       458.86     454.41      21.66
0.213       458.86     454.41       2.49
0.215       458.86     454.41       0.25
0.210       458.86     454.41       0.24
0.208       458.86     454.41       0.24
0.209       458.86     454.41       0.24
0.211       458.86     454.41       2.28
0.211       458.86     454.41       0.24
0.216       459.59     454.99       9.52
0.231      1043.38    1038.79     535.57
0.240      1074.30    1069.70      36.00
0.238      1106.09    1101.49      37.39
0.238      1137.70    1133.10      36.02
0.239      1168.29    1163.69      35.77
0.238      1199.82    1195.23      36.77
0.237      1230.90    1226.30      35.71
0.238      1261.66    1257.06      35.46
0.239      1293.12    1288.53      36.22
0.238      1324.61    1320.01      36.52
0.240      1355.59    1351.00      35.82
0.241      1387.38    1382.78      36.62
0.243      1419.47    1414.87      36.89
0.244      1452.14    1447.54      37.76
0.244      1484.64    1480.04      37.52
0.244      1517.04    1512.45      37.63
0.245      1549.20    1544.60      37.40
0.247      1582.73    1578.14      38.30
0.247      1615.71    1611.12      38.05
0.250      1649.09    1644.50      38.84
0.249      1682.73    1678.14      38.64
0.251      1717.02    1712.42      38.35
0.251      1750.91    1746.31      38.22
0.253      1785.42    1780.83      39.64
0.253      1820.05    1815.46      39.38
0.253      1854.05    1849.46      39.28
0.255      1889.43    1884.83      39.69
0.254      1923.75    1919.16      39.29
0.256      1959.14    1954.54      39.68
0.257      1994.37    1989.77      39.94
0.259      2007.73    2003.13      40.61
0.259      2007.91    2003.31      40.39
0.258      2007.73    2003.13      40.24
0.259      2013.42    2008.82      40.69
0.258      2013.48    2008.88      40.33
0.259      2013.65    2009.06      40.50
0.259      2013.98    2009.39      40.59
0.259      2013.18    2008.58      40.68
0.260      2013.45    2008.85      40.48
0.260      2013.08    2008.48      40.60
0.261      2013.17    2008.57      40.74
0.260      2013.25    2008.65      40.73
0.259      2012.96    2008.37      40.54
0.259      2012.39    2007.79      39.90
0.260      2012.63    2008.04      40.62
0.261      2012.85    2008.25      40.39
0.261      2012.59    2007.99      40.44
0.261      2012.27    2007.67      40.42
0.261      2012.57    2007.98      40.22
0.267      2012.18    2007.58      41.77
0.267      2012.21    2007.61      40.93
0.264      2012.70    2008.10      42.18
0.266      2011.48    2006.89      40.98
0.267      2011.67    2007.08      40.80
0.274      2011.95    2007.36      45.68
0.272      2011.36    2006.76      42.22
0.274      2011.71    2007.12      42.37
0.267      2012.38    2007.78      41.97
0.272      2011.47    2006.87      42.34
0.273      2011.66    2007.07      42.49
0.274      2011.69    2007.09      42.74
0.272      2011.73    2007.14      43.93
0.269      2010.45    2005.85      41.37
0.268      2011.68    2007.08      42.42
0.269      2011.29    2006.69      42.18
0.268      2010.72    2006.13      41.10
0.266      2011.19    2006.60      41.94
0.269      2009.70    2005.11      40.79
0.268      2010.89    2006.29      41.54
0.269      2010.68    2006.09      42.36
0.269      2010.86    2006.26      42.15
0.268      2011.12    2006.53      42.16
0.269      2010.64    2006.05      41.62
0.279      2010.48    2005.89      42.80
0.286      2010.04    2005.44      46.64
0.285      2009.91    2005.31      44.69
0.286      2009.71    2005.12      44.66
0.276      2010.08    2005.49      42.04
0.276      2010.41    2005.81      43.04
0.278      2010.23    2005.63      45.03
0.268      2008.87    2004.27      40.79
0.268      2009.36    2004.77      41.88
0.277      2009.42    2004.83      42.80
0.279      2009.21    2004.62      43.81
0.269      2009.87    2005.27      42.40
0.270      2009.16    2004.56      42.09
0.271      2008.96    2004.36      41.52
0.269      2009.56    2004.97      41.96
0.271      2008.78    2004.19      42.07
0.271      2009.64    2005.04      41.81
0.268      2008.79    2004.19      42.54
0.268      2008.89    2004.29      41.25
0.270      2009.23    2004.63      42.60
0.270      2008.57    2003.97      41.80
0.270      2008.71    2004.12      41.92
0.271      2008.28    2003.69      43.04
0.277      2008.82    2004.22      42.74
0.288      2008.03    2003.43      45.29
0.289      2007.99    2003.40      45.80
0.271      2008.18    2003.58      42.55
0.271      2007.42    2002.82      41.36
0.271      2008.71    2004.12      42.95
0.271      2008.05    2003.45      43.50
0.270      2007.57    2002.98      41.66
0.270      2007.98    2003.39      42.47
0.270      2007.30    2002.71      42.24
0.272      2007.57    2002.97      42.16
0.270      2007.74    2003.14      42.03
0.270      2007.07    2002.47      42.16
0.273      2007.21    2002.61      42.79
0.272      2006.16    2001.57      42.01
0.271      2007.21    2002.62      42.30
0.272      2006.80    2002.21      42.12
0.278      2006.45    2001.86      43.09
0.274      2007.22    2002.63      43.63
0.274      2006.41    2001.81      42.41
0.274      2006.70    2002.10      43.10
0.274      2006.15    2001.56      42.61
0.274      2006.68    2002.09      43.52
0.280      2005.73    2001.14      42.38
0.274      2014.45    2009.86      51.07
0.274      1960.91    1956.31      50.25
0.264      1953.91    1949.31     822.78
0.278      2005.04    2000.44     542.68
0.262      1944.42    1939.82     476.77
0.270      1911.38    1906.79     410.66
0.270      1906.51    1901.92     441.97
0.279      1910.62    1906.03     390.12
0.273      1979.70    1975.10      74.96
0.283      1979.70    1975.10       2.34
0.278      1979.70    1975.10       2.34
0.276      1979.70    1975.10       2.39
0.276      1979.70    1975.10       2.34
0.277      1979.70    1975.10       2.34
0.281      1979.70    1975.10       2.34
0.278      1979.70    1975.10       2.34
0.280      1979.70    1975.10       2.33
0.275      1979.70    1975.10       2.34
0.279      1979.70    1975.10       2.33
0.284      1979.70    1975.10       2.34
0.278      1979.70    1975.10       2.34
0.277      1979.70    1975.10       2.36
0.279      1979.70    1975.10       2.33
0.281      1979.70    1975.10       2.32
0.281      1979.70    1975.10       2.33
0.279      1979.70    1975.10       2.38
0.279      1979.70    1975.10       2.33
0.277      1979.70    1975.10       2.33
0.278      1979.70    1975.10       2.33
0.284      1979.70    1975.10       2.33
0.278      1979.70    1975.10       2.33
0.278      1979.70    1975.10       2.33
0.277      1979.70    1975.10       2.32
0.283      1979.70    1975.10       2.36
0.281      1979.70    1975.10       2.33
0.279      1979.70    1975.10       2.32
0.277      1979.70    1975.10       2.33
0.279      1979.70    1975.10       2.32
0.279      1979.70    1975.10       2.33
0.281      1979.70    1975.10       2.38
0.279      1979.70    1975.10       2.33
0.277      1979.70    1975.10       2.32
0.279      1979.70    1975.10       2.33
0.279      1979.70    1975.10       2.33
0.281      1979.70    1975.10       2.33
0.281      1979.70    1975.10       2.33
0.279      1979.70    1975.10       2.36
0.278      1979.70    1975.10       2.33
0.280      1979.70    1975.10       2.33
0.281      1979.70    1975.10       2.33
0.279      1979.70    1975.10       2.33
0.277      1979.70    1975.10       2.33
0.281      1979.70    1975.10       2.38
0.280      1979.70    1975.10       2.33
0.284      1979.70    1975.10       2.33
0.283      1979.70    1975.10       2.34
0.278      1979.70    1975.10       2.33
0.279      1979.70    1975.10       2.32
0.279      1979.70    1975.10       2.33
0.287      1979.70    1975.10       2.33
0.280      1979.70    1975.10       2.33
0.278      1979.70    1975.10       2.33
0.277      1979.70    1975.10       2.32
0.279      1979.70    1975.10       2.32
0.280      1979.70    1975.10       2.33
0.282      1979.70    1975.10       2.33
0.281      1979.70    1975.10       2.38
0.278      1979.70    1975.10       2.33
0.278      1979.70    1975.10       2.33
0.279      1979.70    1975.10       2.33
0.285      1979.70    1975.10       2.33
0.280      1979.70    1975.10       2.33
0.281      1979.70    1975.10       2.32
0.277      1979.70    1975.10       2.33
0.280      1979.70    1975.10       2.32
0.285      1979.70    1975.10       2.47
0.279      1979.70    1975.10       2.33
0.277      1979.70    1975.10       2.33
0.277      1979.70    1975.10       2.32
0.283      1979.70    1975.10       2.33
0.280      1979.70    1975.10       2.39
0.279      1979.70    1975.10       2.33
0.278      1979.70    1975.10       2.33
0.278      1979.70    1975.10       2.32
0.279      1979.70    1975.10       2.32
0.286      1979.70    1975.10       2.33
0.280      1979.70    1975.10       2.33
0.277      1979.70    1975.10       2.33
0.278      1979.70    1975.10       2.32
0.280      1979.70    1975.10       2.33
0.283      1979.70    1975.10       2.32
0.280      1979.70    1975.10       2.33
0.277      1979.70    1975.10       2.33
0.277      1979.70    1975.10       2.32
0.278      1979.70    1975.10       2.39
0.282      1979.70    1975.10       2.33
0.279      1979.70    1975.10       2.32
0.278      1979.70    1975.10       2.33
0.278      1979.70    1975.10       2.33
0.282      1979.70    1975.10       2.32
0.282      1979.70    1975.10       2.33
0.281      1979.70    1975.10       2.32
0.280      1979.70    1975.10       2.32
0.277      1979.70    1975.10       2.33
0.279      1979.70    1975.10       2.32
0.277      1979.70    1975.10       2.32
0.282      1979.70    1975.10       2.32
0.279      1979.70    1975.10       2.33
0.279      1979.70    1975.10       2.38
0.279      1979.70    1975.10       2.33
0.285      1979.70    1975.10       2.32
0.281      1979.70    1975.10       2.33
0.281      1979.70    1975.10       2.32
0.279      1979.70    1975.10       2.33
0.278      1979.70    1975.10       2.33
0.280      1979.70    1975.10       2.33
0.281      1979.70    1975.10       2.36
0.282      1979.70    1975.10       2.32
0.279      1979.70    1975.10       2.33
0.279      1979.70    1975.10       2.33
0.279      1979.70    1975.10       2.33
0.280      1979.70    1975.10       2.38
0.285      1979.70    1975.10       2.45
0.279      1979.70    1975.10       2.44
0.277      1979.70    1975.10       2.33
0.280      1979.70    1975.10       2.47
0.277      1979.70    1975.10       2.44
0.283      1979.70    1975.10       2.44
0.277      1979.70    1975.10       2.44
0.278      1979.70    1975.10       2.43
0.278      1979.70    1975.10       2.32
0.283      1979.70    1975.10       2.33
0.280      1979.70    1975.10       2.33
0.277      1979.70    1975.10       2.33
0.280      1979.70    1975.10       2.33
0.280      1979.70    1975.10       2.39
0.280      1979.70    1975.10       2.33
0.280      1979.70    1975.10       2.47
0.280      1979.70    1975.10       2.32
0.279      1979.70    1975.10       2.33
0.280      1979.70    1975.10       2.33
0.285      1979.70    1975.10       2.44
0.277      1979.70    1975.10       2.33
0.282      1979.70    1975.10       2.33
0.281      1979.70    1975.10       2.33
0.281      1979.70    1975.10       2.32
0.281      1979.70    1975.10       2.33
0.277      1979.70    1975.10       2.47
0.282      1979.70    1975.10       2.44
0.281      1979.70    1975.10       2.38
0.277      1979.70    1975.10       2.44
0.280      1979.70    1975.10       2.33
0.280      1979.70    1975.10       2.33
0.279      1979.70    1975.10       2.32
0.277      1979.70    1975.10       2.33
0.278      1979.70    1975.10       2.33
0.278      1979.70    1975.10       2.32
0.283      1979.70    1975.10       2.32
0.282      1979.70    1975.10       2.44
0.277      1979.70    1975.10       2.32
0.277      1979.70    1975.10       2.33
0.279      1979.70    1975.10       2.33
0.282      1979.70    1975.10       2.33
0.279      1979.70    1975.10       2.38
0.277      1979.70    1975.10       2.32
0.279      1979.70    1975.10       2.47
0.277      1979.70    1975.10       2.33
0.281      1979.70    1975.10       2.33
0.280      1979.70    1975.10       2.32
0.278      1979.70    1975.10       2.32
0.277      1979.70    1975.10       2.33
0.283      1979.70    1975.10       2.33
0.280      1979.70    1975.10       2.33
0.279      1979.70    1975.10       2.32
0.277      1979.70    1975.10       2.33
0.277      1979.70    1975.10       2.33
0.279      1979.70    1975.10       2.32
0.287      1979.70    1975.10       2.38
0.280      1979.70    1975.10       2.32
0.277      1979.70    1975.10       2.32
0.277      1979.70    1975.10       2.33
0.278      1979.70    1975.10       2.33
0.285      1979.70    1975.10       2.33
0.280      1979.70    1975.10       2.33
0.279      1979.70    1975.10       2.33
0.278      1979.70    1975.10       2.33
0.279      1979.70    1975.10       2.33
0.278      1979.70    1975.10       2.33
0.281      1979.70    1975.10       2.33
0.277      1979.70    1975.10       2.32
0.277      1979.70    1975.10       2.33
0.278      1979.70    1975.10       2.39
0.284      1979.70    1975.10       2.33
0.280      1979.70    1975.10       2.33
0.278      1979.70    1975.10       2.32
0.278      1979.70    1975.10       2.32
0.281      1979.70    1975.10       2.32
0.281      1979.70    1975.10       2.33
0.280      1979.70    1975.10       2.33
0.280      1979.70    1975.10       2.33
0.277      1979.70    1975.10       2.33
0.281      1979.70    1975.10       2.33
0.281      1979.70    1975.10       2.32
0.280      1979.70    1975.10       2.33
0.279      1979.70    1975.10       2.32
0.276      1979.70    1975.10       2.38
0.277      1979.70    1975.10       2.33
0.282      1979.70    1975.10       2.33
0.280      1979.70    1975.10       2.32
0.277      1979.70    1975.10       2.32
0.277      1979.70    1975.10       2.33
0.277      1979.70    1975.10       2.33
0.283      1979.70    1975.10       2.33
0.279      1979.70    1975.10       2.33
0.279      1979.70    1975.10       2.33
0.279      1979.70    1975.10       2.31
0.281      1979.70    1975.10       2.33
0.280      1979.70    1975.10       2.33
0.280      1979.70    1975.10       2.38
0.281      1979.70    1975.10       2.32
0.279      1979.70    1975.10       2.33
0.279      1979.70    1975.10       2.33
0.279      1979.70    1975.10       2.33
0.281      1979.70    1975.10       2.33
0.282      1979.70    1975.10       2.32
0.278      1979.70    1975.10       2.33
0.282      1979.70    1975.10       2.33
0.279      1979.70    1975.10       2.32
0.279      1979.70    1975.10       2.33
0.278      1979.70    1975.10       2.31
0.279      1979.70    1975.10       2.32
0.280      1979.70    1975.10       2.33
0.281      1979.70    1975.10       2.38
0.280      1979.70    1975.10       2.33
0.280      1979.70    1975.10       2.33
0.280      1979.70    1975.10       2.32
0.281      1979.70    1975.10       2.33
0.279      1979.70    1975.10       2.32
0.280      1979.70    1975.10       2.42
0.283      1979.70    1975.10       2.32
0.282      1979.70    1975.10       2.32
0.278      1979.70    1975.10       2.33
0.281      1979.70    1975.10       2.33
0.278      1979.70    1975.10       2.33
0.278      1979.70    1975.10       2.33
0.280      1979.70    1975.10       2.33
0.280      1979.70    1975.10       2.38
0.280      1979.70    1975.10       2.33
0.280      1979.70    1975.10       2.33
0.279      1979.70    1975.10       2.33
0.280      1979.70    1975.10       2.32
0.280      1979.70    1975.10       2.33
0.283      1979.70    1975.10       2.32
0.280      1979.70    1975.10       2.33
0.280      1979.70    1975.10       2.32
0.281      1979.70    1975.10       2.33
0.281      1979.70    1975.10       2.32
0.283      1979.70    1975.10       2.33
0.280      1979.70    1975.10       2.32
0.281      1979.70    1975.10       2.33
0.280      1979.70    1975.10       2.38
0.280      1979.70    1975.10       2.33
0.279      1979.70    1975.10       2.33
0.280      1979.70    1975.10       2.44
0.281      1979.70    1975.10       2.33
0.281      1979.70    1975.10       2.33
0.278      1979.70    1975.10       2.33
0.277      1979.70    1975.10       2.33
0.278      1979.70    1975.10       2.33
0.283      1979.70    1975.10       2.33
0.282      1979.70    1975.10       2.33
0.278      1979.70    1975.10       2.33
0.277      1979.70    1975.10       2.32
0.278      1979.70    1975.10       2.33
0.281      1979.70    1975.10       2.38
0.284      1979.70    1975.10       2.33
0.279      1979.70    1975.10       2.33
0.277      1979.70    1975.10       2.33
0.278      1979.70    1975.10       2.33
0.281      1979.70    1975.10       2.33
0.281      1979.70    1975.10       2.32
0.282      1979.70    1975.10       2.33
0.281      1979.70    1975.10       2.33
0.281      1979.70    1975.10       2.33
0.277      1979.70    1975.10       2.33
0.283      1979.70    1975.10       2.33
0.280      1979.70    1975.10       2.33
0.281      1979.70    1975.10       2.32
0.281      1979.70    1975.10       2.38
0.279      1979.70    1975.10       2.32
0.280      1979.70    1975.10       2.33
0.280      1979.70    1975.10       2.33
0.278      1979.70    1975.10       2.32
0.279      1979.70    1975.10       2.32
0.279      1979.70    1975.10       2.33
0.281      1979.70    1975.10       2.33
0.280      1979.70    1975.10       2.33
0.279      1979.70    1975.10       2.33
0.279      1979.70    1975.10       2.33
0.277      1979.70    1975.10       2.33
0.279      1979.70    1975.10       2.32
0.284      1979.70    1975.10       2.38
0.278      1979.70    1975.10       2.32
0.277      1979.70    1975.10       2.33
0.282      1979.70    1975.10       2.33
0.283      1979.70    1975.10       2.33
0.282      1979.70    1975.10       2.33
0.280      1979.70    1975.10       2.32
0.281      1979.70    1975.10       2.32
0.281      1979.70    1975.10       2.33
0.279      1979.70    1975.10       2.33
0.280      1979.70    1975.10       2.32
0.280      1979.70    1975.10       2.33
0.280      1979.70    1975.10       2.31
0.283      1979.70    1975.10       2.33
0.281      1979.70    1975.10       2.38
0.278      1979.70    1975.10       2.33
0.283      1979.70    1975.10       2.32
0.280      1979.70    1975.10       2.33
0.277      1979.70    1975.10       2.33
0.277      1979.70    1975.10       2.33
0.279      1979.70    1975.10       2.42
0.286      1979.70    1975.10       2.30
0.278      1979.70    1975.10       2.33
0.277      1979.70    1975.10       2.33
0.278      1979.70    1975.10       2.33
0.279      1979.70    1975.10       2.33
0.280      1979.70    1975.10       2.33
0.279      1979.70    1975.10       2.32
0.277      1979.70    1975.10       2.38
0.279      1979.70    1975.10       2.33
0.277      1979.70    1975.10       2.32
0.284      1979.70    1975.10       2.33
0.277      1979.70    1975.10       2.33
0.277      1979.70    1975.10       2.33
0.278      1979.70    1975.10       2.33
0.284      1979.70    1975.10       2.33
0.282      1979.70    1975.10       2.33
0.278      1979.70    1975.10       2.32
0.275      1979.70    1975.10       2.33
0.279      1979.70    1975.10       2.47
0.277      1979.70    1975.10       2.32
0.284      1979.70    1975.10       2.33
0.277      1979.70    1975.10       2.38
0.277      1979.70    1975.10       2.33
0.283      1979.70    1975.10       2.33
0.282      1979.70    1975.10       2.33
0.281      1979.70    1975.10       2.32
0.280      1979.70    1975.10       2.33
0.279      1979.70    1975.10       2.33
0.280      1979.70    1975.10       2.33
0.282      1979.70    1975.10       2.32
0.280      1979.70    1975.10       2.32
0.281      1979.70    1975.10       2.33
0.280      1979.70    1975.10       2.33
0.281      1979.70    1975.10       2.33
0.279      1979.70    1975.10       2.33
0.281      1979.70    1975.10       2.38
0.280      1979.70    1975.10       2.33
0.280      1979.70    1975.10       2.33
0.282      1979.70    1975.10       2.32
0.279      1979.70    1975.10       2.32
0.280      1979.70    1975.10       2.33
0.280      1979.70    1975.10       2.32
0.283      1979.70    1975.10       2.33
0.281      1979.70    1975.10       2.33
0.280      1979.70    1975.10       2.33
0.279      1979.70    1975.10       2.33
0.281      1979.70    1975.10       2.33
0.283      1979.70    1975.10       2.33
0.283      1979.70    1975.10       2.38
0.281      1979.70    1975.10       2.38
0.281      1979.70    1975.10       2.32
0.281      1979.70    1975.10       2.33
0.282      1979.70    1975.10       2.32
0.282      1979.70    1975.10       2.32
0.280      1979.70    1975.10       2.33
0.280      1979.70    1975.10       2.33
0.281      1979.70    1975.10       2.32
0.281      1979.70    1975.10       2.33
0.281      1979.70    1975.10       2.33
0.280      1979.70    1975.10       2.33
0.281      1979.70    1975.10       2.33
0.279      1979.70    1975.10       2.33
0.281      1979.70    1975.10       2.38
0.280      1979.70    1975.10       2.32
0.277      1979.70    1975.10       2.33
0.279      1979.70    1975.10       2.32
0.280      1979.70    1975.10       2.32
0.280      1979.70    1975.10       2.33
0.282      1979.70    1975.10       2.33
0.280      1979.70    1975.10       2.33
0.280      1979.70    1975.10       2.32
0.280      1979.70    1975.10       2.32
0.280      1979.70    1975.10       2.33
0.280      1979.70    1975.10       2.32
0.281      1979.70    1975.10       2.33
0.283      1979.70    1975.10       2.33
0.279      1979.70    1975.10       2.38
0.280      1979.70    1975.10       2.33
0.280      1979.70    1975.10       2.33
0.279      1979.70    1975.10       2.34
0.278      1979.70    1975.10       2.33
0.279      1979.70    1975.10       2.33
0.285      1979.70    1975.10       2.33
0.281      1979.70    1975.10       2.33
0.281      1979.70    1975.10       2.33
0.281      1979.70    1975.10       2.32
0.280      1979.70    1975.10       2.32
0.282      1979.70    1975.10       2.33
0.279      1979.70    1975.10       2.33
0.280      1979.70    1975.10       2.33
0.278      1979.70    1975.10       2.38
0.278      1979.70    1975.10       2.32
0.280      1979.70    1975.10       2.32
0.283      1979.70    1975.10       2.33
0.280      1979.70    1975.10       2.32
0.280      1979.70    1975.10       2.32
0.281      1979.70    1975.10       2.32
0.279      1979.70    1975.10       2.33
0.280      1979.70    1975.10       2.33
0.280      1979.70    1975.10       2.33
0.280      1979.70    1975.10       2.33
0.279      1979.70    1975.10       2.32
0.280      1979.70    1975.10       2.32
0.279      1979.70    1975.10       2.33
0.280      1979.70    1975.10       2.38
0.278      1979.70    1975.10       2.33
0.277      1979.70    1975.10       2.33
0.278      1979.70    1975.10       2.33
0.283      1979.70    1975.10       2.33
0.282      1979.70    1975.10       2.47
0.280      1979.70    1975.10       2.32
0.277      1979.70    1975.10       2.33
0.278      1979.70    1975.10       2.32
0.278      1979.70    1975.10       2.32
0.282      1979.70    1975.10       2.32
0.279      1979.70    1975.10       2.32
0.278      1979.70    1975.10       2.33
0.279      1979.70    1975.10       2.38
0.276      1979.70    1975.10       2.38
0.279      1979.70    1975.10       2.33
0.278      1979.70    1975.10       2.33
0.277      1979.70    1975.10       2.33
0.277      1979.70    1975.10       2.32
0.282      1979.70    1975.10       2.33
0.280      1979.70    1975.10       2.33
0.281      1979.70    1975.10       2.32
0.280      1979.70    1975.10       2.32
0.280      1979.70    1975.10       2.33
0.281      1979.70    1975.10       2.33
0.280      1979.70    1975.10       2.33
0.281      1979.70    1975.10       2.33
0.281      1979.70    1975.10       2.38
0.277      1979.70    1975.10       2.33
0.281      1979.70    1975.10       2.32
0.281      1979.70    1975.10       2.33
0.280      1979.70    1975.10       2.32
0.279      1979.70    1975.10       2.33
0.280      1979.70    1975.10       2.33
0.281      1979.70    1975.10       2.32
0.281      1979.70    1975.10       2.33
0.280      1979.70    1975.10       2.32
0.279      1979.70    1975.10       2.32
0.278      1979.70    1975.10       2.33
0.278      1979.70    1975.10       2.32
0.284      1979.70    1975.10       2.32
0.281      1979.70    1975.10       2.38
0.279      1979.70    1975.10       2.33
0.281      1979.70    1975.10       2.33
0.282      1979.70    1975.10       2.33
0.280      1979.70    1975.10       2.33
0.280      1979.70    1975.10       2.33
0.282      1979.70    1975.10       2.33
0.280      1979.70    1975.10       2.33
0.279      1979.70    1975.10       2.32
0.282      1979.70    1975.10       2.32
0.282      1979.70    1975.10       2.33
0.281      1979.70    1975.10       2.33
0.280      1979.70    1975.10       2.33
0.279      1979.70    1975.10       2.33
0.278      1979.70    1975.10       2.38
0.281      1979.70    1975.10       2.33
0.281      1979.70    1975.10       2.32
0.279      1979.70    1975.10       2.33
0.281      1979.70    1975.10       2.33
0.283      1979.70    1975.10       2.33
0.281      1979.70    1975.10       2.32
0.281      1979.70    1975.10       2.33
0.280      1979.70    1975.10       2.33
0.280      1979.70    1975.10       2.33
0.280      1979.70    1975.10       2.33
0.281      1979.70    1975.10       2.32
0.279      1979.70    1975.10       2.33
0.282      1979.70    1975.10       2.32
0.281      1979.70    1975.10       2.38
0.281      1979.70    1975.10       2.32
0.282      1979.70    1975.10       2.34
0.277      1979.70    1974.04       2.87
0.281      1979.70    1974.04       0.09
0.281      1979.70    1974.04       2.35
0.281      1979.70    1974.03       0.09
0.280      1979.70    1974.03       0.09
0.283      1979.70    1974.04       0.27
0.282      1979.70    1974.04       0.09
0.280      1979.70    1974.04       0.09
0.283      1979.70    1974.02       2.32
0.286      1979.70    1974.02       2.27
0.280      1979.70    1974.02       0.30
0.279      1979.70    1974.02       2.33
0.280      1979.70    1974.02       2.28
0.279      1979.70    1974.02       2.27
0.281      1979.70    1974.02       2.27
0.282      1979.70    1974.02       2.27
0.280      1979.70    1974.02       2.34
0.281      1979.70    1974.02       2.28
0.279      1979.70    1974.02       2.28
0.277      1979.70    1974.02       2.28
0.279      1979.70    1974.02       2.28
0.279      1979.70    1974.02       2.28
0.281      1979.70    1974.02       2.27
0.281      1979.70    1974.02       0.24
0.281      1979.70    1974.02       2.32
0.281      1979.70    1974.02       2.28
0.279      1979.70    1974.02       2.28
0.280      1979.70    1974.02       2.24
0.281      1979.70    1974.02       2.27
0.279      1979.70    1974.02       2.28
