Watching PID 2758643 page references grow, output every 0.2 seconds...
Est(s)     RSS(MB)    PSS(MB)    Ref(MB)
0.213       421.46     417.30      25.63
0.427       445.46     441.30      49.66
0.644       456.04     451.82      65.58
0.862       458.45     454.17      74.03
1.081       458.45     454.17      74.03
1.303       458.45     454.17      74.03
1.530       458.45     454.17      74.03
1.761       458.45     454.17      74.03
1.991       458.74     454.38      74.40
2.231       852.49     848.07     473.16
2.477       888.25     883.83     508.91
2.720       915.40     910.98     536.06
2.964       942.44     938.02     563.11
3.205       969.71     965.29     590.38
3.447       996.84     992.42     617.51
3.690      1031.57    1027.15     652.24
3.934      1058.88    1054.46     679.55
4.184      1086.91    1082.49     707.58
4.436      1115.16    1110.74     735.83
4.682      1142.43    1138.01     763.10
4.926      1169.88    1165.46     790.55
5.179      1198.21    1193.80     818.89
5.435      1225.93    1221.51     846.61
5.687      1254.28    1249.86     874.95
5.940      1282.60    1278.18     903.27
6.194      1310.73    1306.32     931.41
6.450      1339.22    1334.80     959.89
6.705      1367.68    1363.26     988.35
6.957      1395.64    1391.22    1016.31
7.207      1423.80    1419.38    1044.47
7.461      1451.64    1447.22    1072.31
7.715      1480.04    1475.62    1100.71
7.972      1509.16    1504.74    1129.83
8.228      1537.43    1533.01    1158.11
8.481      1565.73    1561.32    1186.41
8.737      1594.20    1589.78    1214.88
8.995      1622.67    1618.25    1243.34
9.261      2087.27    2082.85    1707.95
9.530      2147.52    2143.10    1768.20
9.795      2176.54    2172.12    1797.21
10.056     2205.76    2201.34    1826.44
10.315     2234.01    2229.59    1854.69
10.575     2263.23    2258.81    1883.91
10.836     2292.53    2288.11    1913.21
11.097     2321.61    2317.19    1942.29
11.359     2351.19    2346.77    1971.87
11.621     2379.77    2375.35    2000.45
11.885     2409.47    2405.05    2030.15
12.148     2437.91    2433.50    2058.59
12.411     2467.24    2462.82    2087.92
12.675     2496.88    2492.46    2117.56
12.939     2527.02    2522.60    2147.70
13.203     2555.60    2551.18    2176.28
13.469     2586.06    2581.64    2206.74
13.737     2615.16    2610.74    2235.84
14.005     2645.33    2640.91    2266.01
14.273     2675.59    2671.17    2296.27
14.542     2704.76    2700.34    2325.44
14.811     2735.55    2731.13    2356.23
15.083     2765.11    2760.69    2385.79
15.355     2795.01    2790.59    2415.69
15.643     2822.54    2818.12    2443.22
15.947     2856.73    2852.31    2477.41
16.249     2889.73    2885.31    2510.41
16.549     2923.61    2919.19    2544.29
16.852     2957.92    2953.50    2578.60
17.176     2994.79    2990.37    2615.48
17.505     3030.40    3025.98    2651.08
17.821     3071.68    3067.26    2692.37
18.132     3106.49    3102.07    2727.18
18.445     3141.55    3137.13    2762.24
18.759     3175.80    3171.39    2796.49
19.076     3190.11    3185.69    2828.70
19.374     3208.11    3203.69    2860.88
19.653     3168.67    3164.25    2840.82
19.940     3200.80    3196.38    2872.95
20.233     3232.92    3228.50    2905.07
20.532     3266.05    3261.63    2938.20
20.826     3297.63    3293.21    2969.79
21.112     3329.38    3324.96    3001.53
21.399     3361.42    3357.00    3033.57
21.682     3393.36    3388.94    3065.51
21.965     3424.86    3420.44    3097.01
22.251     3455.77    3451.35    3127.92
22.549     3644.62    3640.20    3316.77
22.873     3785.25    3780.83    3457.40
23.224     3894.06    3889.64    3566.21
23.580     3932.93    3928.51    3605.09
23.983     3982.38    3977.96    3654.58
24.429     4053.67    4049.25    3725.88
24.824     4092.70    4088.28    3764.91
25.172     4130.08    4125.66    3802.28
25.514     4167.89    4163.47    3840.09
25.856     4205.52    4201.10    3877.72
26.199     4243.14    4238.72    3915.34
26.552     4282.69    4278.27    3954.89
26.920     4323.52    4319.10    3995.72
27.289     4363.58    4359.16    4035.78
27.665     4406.95    4402.53    4079.16
28.049     4448.52    4444.10    4120.72
28.420     4488.64    4484.22    4160.84
28.778     4527.45    4523.03    4199.66
29.128     4565.70    4561.28    4237.91
29.477     4600.35    4595.93    4272.55
29.802     4622.25    4617.83    4294.46
30.104     4656.50    4652.08    4328.71
30.405     4688.75    4684.33    4360.96
30.715     4724.63    4720.21    4396.83
31.030     4758.13    4753.71    4430.33
31.345     4793.75    4789.33    4465.96
31.663     4829.00    4824.58    4501.21
31.974     4863.13    4858.71    4535.33
32.283     4897.50    4893.08    4569.71
32.591     4932.00    4927.58    4604.21
32.899     4966.50    4962.08    4638.71
33.207     5001.13    4996.71    4673.33
33.529     5038.38    5033.96    4710.58
33.854     5073.25    5068.83    4745.46
34.166     5108.25    5103.83    4780.46
34.488     5145.07    5140.66    4817.28
34.812     5180.50    5176.08    4852.77
35.133     5216.22    5211.81    4888.49
35.451     5251.32    5246.90    4923.59
35.766     5286.69    5282.27    4958.96
36.081     5322.32    5317.90    4994.59
36.393     5356.94    5352.52    5029.21
36.725     5396.38    5391.96    5068.65
37.064     5432.50    5428.08    5104.77
37.390     5469.00    5464.58    5141.27
37.729     5507.85    5503.43    5180.12
38.065     5554.96    5550.54    5227.23
38.385     5590.59    5586.17    5262.86
38.703     5625.96    5621.54    5298.23
39.022     5661.96    5657.54    5334.23
39.343     5696.71    5692.29    5368.98
39.665     5733.32    5728.91    5405.59
39.996     5771.09    5766.67    5443.36
40.330     5807.96    5803.54    5480.23
40.655     5844.15    5839.73    5516.42
40.979     5880.27    5875.85    5552.54
41.302     5916.15    5911.61    5588.66
41.625     5952.27    5947.73    5624.79
41.948     5988.27    5983.73    5660.79
42.272     6024.15    6019.54    5696.67
42.597     6109.95    6105.31    5782.51
42.940     6454.05    6449.41    6126.61
43.298     6670.23    6665.59    6342.79
43.653     7005.96    7001.36    6680.14
44.004     7180.80    7176.20    6854.98
44.365     7222.92    7218.32    6897.10
44.719     7260.48    7255.88    6934.66
45.055     7297.86    7293.26    6972.04
45.389     7335.36    7330.76    7009.54
45.742     7376.23    7371.63    7050.41
46.106     7415.86    7411.26    7090.04
46.456     7453.67    7449.07    7127.85
46.833     7497.92    7493.32    7172.10
47.225     7541.73    7537.13    7215.91
47.584     7579.98    7575.38    7254.16
47.957     7622.28    7617.68    7296.46
48.329     7662.55    7657.95    7336.73
48.670     7699.79    7695.19    7373.97
49.012     7737.92    7733.32    7412.10
49.355     7775.80    7771.20    7449.98
49.698     7813.80    7809.20    7487.98
50.020     5629.48    5624.88    5303.66
50.320     5662.98    5658.38    5337.16
50.622     5696.61    5692.01    5370.79
50.925     5730.23    5725.63    5404.41
51.230     5764.11    5759.51    5438.29
51.535     5797.73    5793.13    5471.91
51.840     5831.57    5826.97    5505.75
52.146     5865.80    5861.20    5539.98
52.455     5899.80    5895.20    5573.98
52.766     5933.67    5929.07    5607.85
53.080     5969.42    5964.82    5643.60
53.399     6004.67    6000.07    5678.85
53.719     6040.05    6035.45    5714.23
54.037     6075.73    6071.32    5749.95
54.354     6110.61    6106.19    5784.82
54.675     6146.73    6142.32    5820.95
54.997     6182.30    6177.88    5856.51
55.318     6218.48    6214.07    5892.70
55.644     6254.61    6250.19    5928.82
55.974     6291.48    6287.07    5965.70
56.307     6328.48    6324.07    6002.70
56.641     6366.11    6361.69    6040.32
56.979     6403.80    6399.38    6078.01
57.315     6441.61    6437.19    6115.82
57.651     6478.23    6473.82    6152.45
58.019     6519.55    6515.13    6193.76
58.399     6562.98    6558.57    6237.20
58.751     6600.27    6595.85    6274.48
59.083     6668.67    6664.25    6342.88
59.399     6703.92    6699.50    6378.13
59.715     6739.42    6735.00    6413.63
60.045     6776.04    6771.62    6450.26
60.373     6811.79    6807.37    6486.00
60.694     6847.92    6843.50    6522.13
61.046     6885.92    6881.50    6560.13
61.427     6928.48    6924.06    6602.70
61.782     6967.61    6963.19    6641.82
62.134     7004.73    7000.31    6678.95
62.502     7047.08    7042.66    6721.29
62.845     7084.67    7080.25    6758.88
63.168     7120.29    7115.87    6794.51
63.515     7284.07    7279.65    6958.29
63.904     7297.68    7293.26    6971.91
64.281     7235.21    7230.79    6909.44
64.632     7271.59    7267.17    6945.81
64.983     7331.25    7326.83    7005.48
65.330     7367.58    7363.16    7041.81
65.674     7400.04    7395.62    7074.27
66.018     7440.45    7436.03    7114.68
66.362     7482.73    7478.31    7156.96
66.707     7521.42    7517.00    7195.64
67.075     7563.98    7559.56    7238.21
67.453     7604.73    7600.31    7278.96
67.818     7645.54    7641.12    7319.77
68.192     7702.04    7697.62    7376.26
68.581     7767.22    7762.80    7441.45
68.974     7811.16    7806.74    7485.38
69.367     7854.47    7850.05    7528.70
69.743     7894.34    7889.92    7568.57
70.105     7934.91    7930.49    7609.13
70.466     7974.84    7970.42    7649.07
70.830     8015.32    8010.91    7689.55
71.187     8055.23    8050.81    7729.45
71.536     8094.10    8089.68    7768.33
71.906     7980.47    7976.05    7654.70
72.294     8021.84    8017.42    7696.07
72.663     8059.87    8055.45    7734.11
73.013     8097.35    8092.93    7771.59
73.370     8135.15    8130.73    7809.38
73.724     8172.71    8168.29    7846.94
74.073     8213.34    8208.92    7887.58
74.426     8252.79    8248.37    7927.02
74.781     8292.84    8288.42    7967.10
75.138     8335.79    8331.37    8010.04
75.488     8365.16    8360.75    8039.42
75.847     8399.28    8394.86    8073.54
76.216     8437.72    8433.30    8111.98
76.583     8475.49    8471.07    8149.75
76.958     8516.44    8512.02    8190.70
77.333     8554.93    8550.51    8229.19
77.691     8591.74    8587.32    8266.00
78.055     8711.21    8706.79    8385.51
78.464     9010.09    9005.67    8684.41
78.905     9010.09    9005.67    8684.41
79.330     8987.49    8983.07    8661.82
79.756     8713.18    8708.76    8387.52
80.126     3804.67    3800.25    3479.05
80.414     3768.68    3764.26    3443.06
80.688     3798.45    3794.04    3472.83
80.966     3828.72    3824.30    3503.09
81.245     3848.32    3843.91    3522.70
81.520     3857.23    3852.81    3531.61
81.790     3886.68    3882.26    3561.06
82.063     3916.57    3912.15    3590.95
82.338     3946.00    3941.58    3620.38
82.607     3974.75    3970.33    3649.13
82.869     4003.35    3998.93    3677.72
83.130     4031.46    4027.04    3705.83
83.392     4060.30    4055.89    3734.68
83.655     4088.86    4084.44    3763.23
83.919     4116.97    4112.55    3791.34
84.182     4145.81    4141.39    3820.19
84.444     4174.24    4169.82    3848.62
84.707     4202.60    4198.18    3876.98
84.974     4231.43    4227.01    3905.80
85.245     4260.72    4256.30    3935.09
85.516     4290.54    4286.12    3964.92
85.785     4319.64    4315.23    3994.02
86.052     4348.29    4343.87    4022.66
86.320     4377.21    4372.79    4051.58
86.588     4406.84    4402.42    4081.21
86.858     4436.03    4431.61    4110.41
87.127     4465.59    4461.17    4139.96
87.395     4494.55    4490.13    4168.92
87.663     4523.23    4518.81    4197.60
87.933     4553.05    4548.63    4227.43
88.203     4582.33    4577.91    4256.71
88.475     4611.91    4607.50    4286.29
88.748     4641.86    4637.44    4316.23
89.020     4671.06    4666.64    4345.44
89.293     4700.89    4696.47    4375.27
89.567     4730.19    4725.77    4404.57
89.841     4760.13    4755.71    4434.51
90.117     4790.45    4786.03    4464.83
90.386     3414.37    3409.95    3088.75
90.643     3442.18    3437.76    3116.55
90.902     3470.93    3466.51    3145.30
91.161     3498.55    3494.13    3172.92
91.420     3527.09    3522.67    3201.46
91.678     3554.46    3550.04    3228.83
91.938     3581.41    3577.00    3255.79
92.200     3610.55    3606.14    3284.93
92.463     3639.13    3634.71    3313.51
92.728     3667.36    3662.94    3341.73
92.992     3695.57    3691.16    3369.95
93.256     3723.88    3719.46    3398.25
93.520     3752.02    3747.60    3426.39
93.787     3781.05    3776.63    3455.43
94.056     3809.74    3805.32    3484.12
94.326     3838.36    3833.94    3512.73
94.596     3868.18    3863.76    3542.55
94.865     3896.00    3891.58    3570.38
95.132     3925.18    3920.76    3599.56
95.400     3953.97    3949.55    3628.34
95.668     3983.19    3978.77    3657.57
95.937     4011.99    4007.57    3686.36
96.207     4041.03    4036.61    3715.41
96.477     4070.01    4065.59    3744.39
96.746     4098.35    4093.93    3772.72
97.016     4127.89    4123.48    3802.27
97.288     4157.50    4153.08    3831.88
97.560     4186.20    4181.78    3860.57
97.834     4215.60    4211.18    3889.97
98.109     4245.00    4240.58    3919.38
98.383     4273.74    4269.32    3948.11
98.658     4303.16    4298.74    3977.54
98.936     4333.21    4328.79    4007.59
99.214     4362.75    4358.33    4037.13
99.491     4392.08    4387.66    4066.45
99.770     4422.12    4417.70    4096.50
100.057    4452.68    4448.26    4127.05
100.348    4484.28    4479.86    4158.65
100.637    4515.48    4511.06    4189.86
100.921    4545.82    4541.41    4220.20
101.201    4575.82    4571.41    4250.20
101.482    4605.75    4601.33    4280.12
101.762    4635.93    4631.51    4310.31
102.042    4666.36    4661.94    4340.73
102.323    4695.82    4691.41    4370.20
102.605    4726.03    4721.61    4400.41
102.885    4756.32    4751.91    4430.70
103.166    4786.64    4782.23    4461.02
103.465    4818.90    4814.48    4493.28
103.765    4850.82    4846.41    4525.20
104.065    4883.25    4878.83    4557.62
104.365    4916.06    4911.64    4590.44
104.648    4946.72    4942.30    4621.10
104.932    4977.95    4973.41    4652.32
105.218    5008.88    5004.34    4683.26
105.509    5040.64    5036.10    4715.02
105.800    5071.75    5067.14    4746.12
106.085    5102.40    5097.76    4776.78
106.371    5133.45    5128.81    4807.83
106.658    5165.04    5160.39    4839.41
106.947    5196.32    5191.68    4870.70
107.235    5227.45    5222.81    4901.83
107.522    5258.48    5253.84    4932.86
107.810    5289.40    5284.80    4963.78
108.100    5321.44    5316.84    4995.82
108.390    5352.60    5348.00    5026.98
108.683    5384.43    5379.83    5058.80
108.978    5416.09    5411.49    5090.46
109.272    5448.11    5443.51    5122.49
109.563    5479.39    5474.79    5153.77
109.854    5511.60    5507.00    5185.98
110.148    5542.91    5538.31    5217.29
110.444    5574.65    5570.05    5249.03
110.740    5607.16    5602.56    5281.54
111.035    5638.97    5634.37    5313.35
111.329    5670.86    5666.26    5345.24
111.623    5702.14    5697.54    5376.52
111.920    5735.11    5730.51    5409.49
112.217    5766.85    5762.25    5441.23
112.513    5799.05    5794.45    5473.43
112.808    5831.12    5826.52    5505.50
113.106    5863.92    5859.32    5538.30
113.406    5895.87    5891.27    5570.25
113.703    5905.55    5900.95    5579.93
114.002    5937.25    5932.65    5611.62
114.303    5969.43    5964.83    5643.82
114.603    6002.21    5997.61    5676.60
114.902    6038.99    6034.39    5713.38
115.201    6078.71    6074.11    5753.10
115.500    6111.13    6106.53    5785.52
115.801    6154.49    6149.89    5828.88
116.101    6187.10    6182.50    5861.48
116.402    6219.68    6215.08    5894.06
116.705    6252.13    6247.53    5926.52
117.044    6274.15    6269.55    5948.54
117.417    6314.27    6309.67    5988.65
117.788    6355.23    6350.82    6029.62
118.168    6397.38    6392.96    6071.77
118.553    6439.27    6434.85    6113.66
118.896    6425.91    6421.50    6100.30
119.201    6436.16    6431.74    6110.55
119.509    6446.86    6442.45    6121.25
119.818    6479.82    6475.40    6154.20
120.127    6372.80    6368.38    6047.19
120.433    6267.66    6263.24    5942.05
120.738    6226.30    6221.88    5900.69
121.044    6068.73    6064.32    5743.12
121.357    6032.39    6027.98    5706.79
121.667    6061.81    6057.39    5736.21
121.975    6088.71    6084.29    5763.11
122.284    6113.96    6109.55    5788.36
122.591    6139.53    6135.11    5813.93
122.899    6171.66    6167.25    5846.06
123.206    6204.69    6200.27    5879.09
123.515    6236.55    6232.13    5910.95
123.826    6269.00    6264.58    5943.39
124.136    6182.83    6178.41    5857.23
124.448    6213.51    6209.09    5887.93
124.759    6233.16    6228.74    5907.59
125.068    6233.16    6228.74    5907.59
125.394    6233.16    6228.74    5907.59
125.730    6233.16    6228.74    5907.59
126.050    6233.16    6228.74    5907.59
126.362    6233.16    6228.74    5907.59
126.673    6233.16    6228.74    5907.59
126.999    6233.16    6228.74    5907.59
127.332    6233.16    6228.74    5907.59
127.656    6233.16    6228.74    5907.59
127.975    6233.16    6228.74    5907.59
128.289    6233.16    6228.74    5907.59
128.600    6233.16    6228.74    5907.59
128.911    6233.16    6228.74    5907.59
129.229    6233.16    6228.74    5907.59
129.548    6233.16    6228.74    5907.59
129.861    6233.16    6228.74    5907.59
130.176    6233.16    6228.74    5907.59
130.489    6233.16    6228.74    5907.59
130.804    6233.16    6228.74    5907.59
131.123    6233.16    6228.74    5907.59
131.439    6233.16    6228.74    5907.59
131.753    6233.16    6228.74    5907.59
132.064    6233.16    6228.74    5907.59
132.376    6233.16    6228.74    5907.59
132.689    6233.16    6228.74    5907.59
133.000    6233.16    6228.74    5907.59
133.311    6233.16    6228.74    5907.59
133.624    6233.16    6228.74    5907.59
133.935    6233.16    6228.74    5907.59
134.247    6233.16    6228.74    5907.59
134.562    6233.16    6228.74    5907.59
134.875    6233.16    6228.74    5907.59
135.186    6233.16    6228.74    5907.59
135.509    6233.16    6228.74    5907.59
135.839    6233.16    6228.74    5907.59
136.155    6233.16    6228.74    5907.59
136.463    6233.16    6228.74    5907.59
136.771    6233.16    6228.74    5907.59
137.081    6233.16    6228.74    5907.59
137.391    6233.16    6228.74    5907.59
137.703    6233.16    6228.74    5907.59
138.012    6233.16    6228.74    5907.59
138.322    6233.16    6228.74    5907.59
138.636    6233.16    6228.74    5907.59
138.950    6233.16    6228.74    5907.59
139.265    6233.16    6228.74    5907.59
139.579    6233.16    6228.74    5907.59
139.890    6233.16    6228.74    5907.59
140.203    6233.16    6228.74    5907.59
140.474    1462.13    1457.71    1136.56
140.700    1462.13    1457.71    1136.56
140.926    1462.13    1457.71    1136.56
141.150    1462.13    1457.71    1136.56
141.376    1462.13    1457.71    1136.56
141.602    1462.13    1457.71    1136.56
141.830    1462.13    1457.71    1136.56
142.062    1462.13    1457.71    1136.56
142.294    1462.13    1457.71    1136.56
142.525    1462.13    1457.71    1136.56
142.751    1462.13    1457.71    1136.56
142.977    1462.13    1457.71    1136.56
143.202    1462.13    1457.71    1136.56
143.428    1462.13    1457.71    1136.56
143.653    1462.13    1457.71    1136.56
143.877    1462.13    1457.71    1136.56
144.103    1462.13    1457.71    1136.56
144.329    1462.13    1457.71    1136.56
144.565    1462.13    1457.71    1136.56
144.805    1462.13    1457.71    1136.56
145.037    1462.13    1457.71    1136.56
145.270    1462.13    1457.71    1136.56
145.503    1462.13    1457.71    1136.56
145.738    1462.13    1457.71    1136.56
145.973    1462.13    1457.71    1136.56
146.207    1462.13    1457.71    1136.56
146.438    1462.13    1457.71    1136.56
146.667    1462.13    1457.71    1136.56
146.901    1462.13    1457.71    1136.56
147.136    1462.13    1457.71    1136.56
147.369    1462.13    1457.71    1136.56
147.599    1462.13    1457.71    1136.56
147.825    1462.13    1457.71    1136.56
148.051    1462.13    1457.71    1136.56
148.277    1462.13    1457.71    1136.56
148.502    1462.13    1457.71    1136.56
148.728    1462.13    1457.71    1136.56
148.953    1462.13    1457.71    1136.56
149.178    1462.13    1457.71    1136.56
149.405    1462.13    1457.71    1136.56
149.638    1462.13    1457.71    1136.56
149.876    1462.13    1457.71    1136.56
150.116    1462.13    1457.71    1136.56
150.356    1462.13    1457.71    1136.56
150.590    1462.13    1457.71    1136.56
150.818    1462.13    1457.71    1136.56
151.046    1462.13    1457.71    1136.56
151.273    1462.13    1457.71    1136.56
151.501    1462.13    1457.71    1136.56
151.729    1462.13    1457.71    1136.56
151.955    1462.13    1457.71    1136.56
152.189    1462.13    1457.71    1136.56
152.425    1462.13    1457.71    1136.56
152.654    1462.13    1457.71    1136.56
152.882    1462.13    1457.71    1136.56
153.109    1462.13    1457.71    1136.56
153.335    1462.13    1457.71    1136.56
153.562    1462.13    1457.71    1136.56
153.786    1462.13    1457.71    1136.56
154.011    1462.13    1457.71    1136.56
154.236    1462.13    1457.71    1136.56
154.461    1462.13    1457.71    1136.56
154.686    1462.13    1457.71    1136.56
154.912    1462.13    1457.71    1136.57
155.138    1462.13    1457.71    1136.57
155.363    1462.13    1457.71    1136.57
155.590    1462.13    1457.71    1136.57
155.817    1462.13    1457.71    1136.57
156.045    1462.13    1457.71    1136.57
156.274    1462.13    1457.71    1136.57
156.501    1462.13    1457.71    1136.57
156.726    1462.13    1457.71    1136.57
156.951    1462.13    1457.71    1136.57
157.177    1462.13    1457.71    1136.57
157.404    1462.13    1457.71    1136.57
157.631    1462.13    1457.71    1136.57
157.856    1462.13    1457.71    1136.57
158.082    1462.13    1457.71    1136.57
158.307    1462.13    1457.71    1136.57
158.534    1462.13    1457.71    1136.57
158.762    1462.13    1457.71    1136.57
158.987    1462.13    1457.71    1136.57
159.212    1462.13    1457.71    1136.57
159.437    1462.13    1457.71    1136.57
159.667    1462.13    1457.71    1136.57
159.901    1462.13    1457.71    1136.57
160.136    1462.13    1457.71    1136.57
160.367    1462.13    1457.71    1136.57
160.594    1462.13    1457.71    1136.57
160.820    1462.13    1457.71    1136.57
161.046    1462.13    1457.71    1136.57
161.272    1462.13    1457.71    1136.57
161.498    1462.13    1457.71    1136.57
161.723    1462.13    1457.71    1136.57
161.948    1462.13    1457.71    1136.57
162.173    1462.13    1457.71    1136.57
162.403    1462.13    1457.71    1136.57
162.636    1462.13    1457.71    1136.57
162.871    1462.13    1457.71    1136.57
163.104    1462.13    1457.71    1136.57
163.334    1462.13    1457.71    1136.57
163.563    1462.13    1457.71    1136.57
163.790    1462.13    1457.71    1136.57
164.017    1462.13    1457.71    1136.57
164.242    1462.13    1457.71    1136.57
164.467    1462.13    1457.71    1136.57
164.692    1462.13    1457.71    1136.57
164.922    1462.13    1457.71    1136.57
165.155    1462.13    1457.71    1136.57
165.386    1462.13    1457.71    1136.57
165.618    1462.13    1457.71    1136.57
165.847    1462.13    1457.71    1136.57
166.072    1462.13    1457.71    1136.57
166.296    1462.13    1457.71    1136.57
166.521    1462.13    1457.71    1136.57
166.747    1462.13    1457.71    1136.57
166.971    1462.13    1457.71    1136.57
167.195    1462.13    1457.71    1136.57
167.424    1462.13    1457.71    1136.57
167.656    1462.13    1457.71    1136.57
167.884    1462.13    1457.71    1136.57
168.112    1462.13    1457.59    1136.57
168.338    1462.13    1457.49    1136.57
168.566    1462.13    1457.53    1136.57
168.794    1462.13    1457.52    1136.57
169.022    1462.13    1457.49    1136.57
169.250    1462.13    1457.49    1136.57
169.477    1462.13    1457.49    1136.57
169.702    1462.13    1457.49    1136.57
169.926    1462.13    1457.49    1136.57
170.151    1462.13    1457.49    1136.57
170.377    1462.13    1457.49    1136.57
170.602    1462.13    1457.49    1136.57
170.833    1462.13    1457.49    1136.57
171.065    1462.13    1457.49    1136.57
171.290    1462.13    1457.49    1136.57
171.516    1462.13    1457.49    1136.57
171.743    1462.13    1457.49    1136.57
171.968    1462.13    1457.49    1136.57
172.193    1462.13    1457.49    1136.57
172.418    1462.13    1457.49    1136.57
172.643    1462.13    1457.49    1136.57
172.868    1462.13    1457.49    1136.57
173.093    1462.13    1457.49    1136.57
173.318    1462.13    1457.49    1136.57
173.547    1462.13    1457.49    1136.57
173.778    1462.13    1457.49    1136.57
174.007    1462.13    1457.49    1136.57
174.236    1462.13    1457.49    1136.57
174.464    1462.13    1457.49    1136.57
174.691    1462.13    1457.49    1136.57
174.918    1462.13    1457.49    1136.57
175.145    1462.13    1457.49    1136.57
175.376    1462.13    1457.49    1136.57
175.611    1462.13    1457.49    1136.57
175.849    1462.13    1457.49    1136.57
176.082    1462.13    1457.49    1136.57
176.309    1462.13    1457.49    1136.57
176.538    1462.13    1457.49    1136.57
176.766    1462.13    1457.49    1136.57
176.993    1462.13    1457.49    1136.57
177.219    1462.13    1457.49    1136.57
177.445    1462.13    1457.49    1136.57
177.670    1462.13    1457.49    1136.57
177.894    1462.13    1457.49    1136.57
178.120    1462.13    1457.49    1136.57
178.350    1462.13    1457.49    1136.57
178.580    1462.13    1457.59    1136.57
178.807    1462.13    1457.71    1136.57
179.035    1462.13    1457.71    1136.57
179.264    1462.13    1457.71    1136.57
179.495    1462.13    1457.71    1136.57
179.732    1462.13    1457.71    1136.57
179.965    1462.13    1457.71    1136.57
180.191    1462.13    1457.71    1136.57
180.418    1462.13    1457.71    1136.57
180.648    1462.13    1457.71    1136.57
180.885    1462.13    1457.71    1136.57
181.123    1462.13    1457.71    1136.57
181.362    1462.13    1457.71    1136.57
181.601    1462.13    1457.71    1136.57
181.842    1462.13    1457.71    1136.57
182.080    1462.13    1457.71    1136.57
182.319    1462.13    1457.71    1136.57
182.557    1462.13    1457.71    1136.57
182.794    1462.13    1457.71    1136.57
183.032    1462.13    1457.71    1136.57
183.265    1462.13    1457.71    1136.57
183.493    1462.13    1457.71    1136.57
183.725    1462.13    1457.71    1136.57
183.953    1462.13    1457.71    1136.57
184.179    1462.13    1457.71    1136.57
184.405    1462.13    1457.71    1136.57
184.632    1462.13    1457.71    1136.57
184.860    1462.13    1457.71    1136.57
185.086    1462.13    1457.71    1136.57
185.313    1462.13    1457.71    1136.57
185.540    1462.13    1457.71    1136.57
185.767    1462.13    1457.71    1136.57
185.994    1462.13    1457.71    1136.57
186.225    1462.13    1457.71    1136.57
186.462    1462.13    1457.71    1136.57
186.701    1462.13    1457.71    1136.57
186.941    1462.13    1457.71    1136.57
187.180    1462.13    1457.71    1136.57
187.418    1462.13    1457.71    1136.57
187.648    1462.13    1457.71    1136.57
187.877    1462.13    1457.71    1136.57
188.112    1462.13    1457.71    1136.57
188.347    1462.13    1457.71    1136.57
188.581    1462.13    1457.71    1136.57
188.821    1462.13    1457.71    1136.57
189.052    1462.13    1457.71    1136.57
189.283    1462.13    1457.71    1136.57
189.518    1462.13    1457.71    1136.57
189.748    1462.13    1457.71    1136.57
189.977    1462.13    1457.71    1136.57
190.205    1462.13    1457.71    1136.57
190.433    1462.13    1457.71    1136.57
190.660    1462.13    1457.71    1136.57
190.889    1462.13    1457.71    1136.57
191.118    1462.13    1457.71    1136.57
191.348    1462.13    1457.71    1136.57
191.584    1462.13    1457.71    1136.57
191.815    1462.13    1457.71    1136.57
192.047    1462.13    1457.71    1136.57
192.287    1462.13    1457.71    1136.57
192.526    1462.13    1457.71    1136.57
192.764    1462.13    1457.71    1136.57
193.001    1462.13    1457.71    1136.57
193.237    1462.13    1457.71    1136.57
193.476    1462.13    1457.71    1136.57
193.713    1462.13    1457.71    1136.57
193.943    1462.13    1457.71    1136.57
194.172    1462.13    1457.71    1136.57
194.406    1462.13    1457.71    1136.57
194.641    1462.13    1457.71    1136.57
194.877    1462.13    1457.71    1136.57
195.115    1462.13    1457.71    1136.57
195.350    1462.13    1457.71    1136.57
195.588    1462.13    1457.71    1136.57
195.823    1462.13    1457.71    1136.57
196.050    1462.13    1457.71    1136.57
196.278    1462.13    1457.71    1136.57
196.506    1462.13    1457.71    1136.57
196.739    1462.13    1457.71    1136.57
196.977    1462.13    1457.71    1136.57
197.209    1462.13    1457.71    1136.57
197.441    1462.13    1457.71    1136.57
197.673    1462.13    1457.71    1136.57
197.900    1462.13    1457.71    1136.57
198.126    1462.13    1457.71    1136.57
198.352    1462.13    1457.71    1136.57
198.577    1462.13    1457.71    1136.57
198.801    1462.13    1457.71    1136.57
199.024    1462.13    1457.71    1136.57
199.249    1462.13    1457.71    1136.57
199.476    1462.13    1457.71    1136.57
199.706    1462.13    1457.71    1136.57
199.938    1462.13    1457.71    1136.57
200.167    1462.13    1457.71    1136.57
200.393    1462.13    1457.71    1136.57
200.620    1462.13    1457.71    1136.57
200.846    1462.13    1457.71    1136.57
201.075    1462.13    1457.71    1136.57
201.310    1462.13    1457.71    1136.57
201.546    1462.13    1457.71    1136.57
201.783    1462.13    1457.71    1136.57
202.018    1462.13    1457.71    1136.57
202.250    1462.13    1457.71    1136.57
202.484    1462.13    1457.71    1136.57
202.714    1462.13    1457.71    1136.57
202.944    1462.13    1457.71    1136.57
203.176    1462.13    1457.71    1136.57
203.409    1462.13    1457.71    1136.57
203.638    1462.13    1457.71    1136.57
203.866    1462.13    1457.71    1136.57
204.094    1462.13    1457.71    1136.57
204.322    1462.13    1457.71    1136.57
204.552    1462.13    1457.71    1136.57
204.781    1462.13    1457.71    1136.57
205.010    1462.13    1457.71    1136.57
205.239    1462.13    1457.71    1136.57
205.468    1462.13    1457.71    1136.57
205.699    1462.13    1457.71    1136.57
205.934    1462.13    1457.71    1136.57
206.166    1462.13    1457.71    1136.57
206.398    1462.13    1457.71    1136.57
206.634    1462.13    1457.71    1136.57
206.870    1462.13    1457.71    1136.57
207.110    1462.13    1457.71    1136.57
207.353    1462.13    1457.71    1136.57
207.595    1462.13    1457.71    1136.57
207.837    1462.13    1457.71    1136.57
208.080    1462.13    1457.71    1136.57
208.322    1462.13    1457.71    1136.57
208.556    1462.13    1457.71    1136.57
208.782    1462.13    1457.71    1136.57
209.008    1462.13    1457.71    1136.57
209.235    1462.13    1457.71    1136.57
209.462    1462.13    1457.71    1136.57
209.687    1462.13    1457.71    1136.57
209.914    1462.13    1457.71    1136.57
210.145    1462.13    1457.71    1136.57
210.374    1462.13    1457.71    1136.57
210.601    1462.13    1457.71    1136.57
210.828    1462.13    1457.71    1136.57
211.055    1462.13    1457.71    1136.57
211.282    1462.13    1457.71    1136.57
211.508    1462.13    1457.71    1136.57
211.733    1462.13    1457.71    1136.57
211.964    1462.13    1457.71    1136.57
212.201    1462.13    1457.71    1136.57
212.438    1462.13    1457.71    1136.57
212.672    1462.13    1457.71    1136.57
212.911    1462.13    1457.71    1136.57
213.155    1462.13    1457.71    1136.57
213.395    1462.13    1457.71    1136.57
213.628    1462.13    1457.71    1136.57
213.855    1462.13    1457.71    1136.57
214.081    1462.13    1457.71    1136.57
214.307    1462.13    1457.71    1136.57
214.540    1462.13    1457.71    1136.57
214.776    1462.13    1457.71    1136.57
215.011    1462.13    1457.71    1136.57
215.241    1462.13    1457.71    1136.57
215.474    1462.13    1457.71    1136.57
215.714    1462.13    1457.71    1136.57
215.953    1462.13    1457.71    1136.57
216.192    1462.13    1457.71    1136.57
216.432    1462.13    1457.71    1136.57
216.672    1462.13    1457.71    1136.57
216.910    1462.13    1457.71    1136.57
217.145    1462.13    1457.71    1136.57
217.376    1462.13    1457.71    1136.57
217.609    1462.13    1457.71    1136.57
217.841    1462.13    1457.71    1136.57
218.073    1462.13    1457.71    1136.57
218.309    1462.13    1457.71    1136.57
218.544    1462.13    1457.71    1136.57
218.780    1462.13    1457.71    1136.57
219.015    1462.13    1457.71    1136.57
219.248    1462.13    1457.71    1136.57
219.476    1462.13    1457.71    1136.57
219.705    1462.13    1457.71    1136.57
219.941    1462.13    1457.71    1136.57
220.173    1462.13    1457.71    1136.57
220.400    1462.13    1457.71    1136.57
220.626    1462.13    1457.71    1136.57
220.853    1462.13    1457.71    1136.57
221.081    1462.13    1457.71    1136.57
221.307    1462.13    1457.71    1136.57
221.532    1462.13    1457.71    1136.57
221.758    1462.13    1457.71    1136.57
221.984    1462.13    1457.71    1136.57
222.209    1462.13    1457.71    1136.57
222.438    1462.13    1457.71    1136.57
222.673    1462.13    1457.71    1136.57
222.909    1462.13    1457.71    1136.57
223.146    1462.13    1457.71    1136.57
223.384    1462.13    1457.71    1136.57
223.618    1462.13    1457.71    1136.57
223.851    1462.13    1457.71    1136.57
224.085    1462.13    1457.71    1136.57
224.313    1462.13    1457.71    1136.57
224.541    1462.13    1457.71    1136.57
224.768    1462.13    1457.71    1136.57
224.996    1462.13    1457.71    1136.57
225.224    1462.13    1457.71    1136.57
225.452    1462.13    1457.71    1136.57
225.685    1462.13    1457.71    1136.57
225.921    1462.13    1457.71    1136.57
226.156    1462.13    1457.71    1136.57
226.386    1462.13    1457.71    1136.57
226.617    1462.13    1457.71    1136.57
226.854    1462.13    1457.71    1136.57
227.089    1462.13    1457.71    1136.57
227.319    1462.13    1457.71    1136.57
227.549    1462.13    1457.71    1136.57
227.779    1462.13    1457.71    1136.57
228.006    1462.13    1457.71    1136.57
228.238    1462.13    1457.71    1136.57
228.475    1462.13    1457.71    1136.57
228.711    1462.13    1457.71    1136.57
228.941    1462.13    1457.71    1136.57
229.171    1462.13    1457.71    1136.57
229.403    1462.13    1457.71    1136.57
229.632    1462.13    1457.71    1136.57
229.860    1462.13    1457.71    1136.57
230.087    1462.13    1457.71    1136.57
230.318    1462.13    1457.71    1136.57
230.551    1462.13    1457.71    1136.57
230.779    1462.13    1457.71    1136.57
231.006    1462.13    1457.71    1136.57
231.234    1462.13    1457.71    1136.57
231.461    1462.13    1457.59    1136.57
231.688    1462.13    1457.49    1136.57
231.914    1462.13    1457.53    1136.57
232.146    1462.13    1457.50    1136.57
232.380    1462.13    1457.49    1136.57
232.605    1462.13    1457.49    1136.57
232.831    1462.13    1457.49    1136.57
233.059    1462.13    1457.49    1136.57
233.287    1462.13    1457.49    1136.57
233.513    1462.13    1457.49    1136.57
233.742    1462.13    1457.49    1136.57
233.977    1462.13    1457.49    1136.57
234.209    1462.13    1457.49    1136.57
234.435    1462.13    1457.49    1136.57
234.660    1462.13    1457.49    1136.57
234.886    1462.13    1457.49    1136.57
235.112    1462.13    1457.49    1136.57
235.338    1462.13    1457.49    1136.57
235.569    1462.13    1457.49    1136.57
235.806    1462.13    1457.49    1136.57
236.039    1462.13    1457.49    1136.57
236.267    1462.13    1457.49    1136.57
236.495    1462.13    1457.49    1136.57
236.720    1462.13    1457.49    1136.57
236.945    1462.13    1457.49    1136.57
237.171    1462.13    1457.49    1136.57
237.396    1462.13    1457.49    1136.57
237.622    1462.13    1457.49    1136.57
237.848    1462.13    1457.49    1136.57
238.080    1462.13    1457.49    1136.57
238.319    1462.13    1457.49    1136.57
238.554    1462.13    1457.49    1136.57
238.782    1462.13    1457.49    1136.57
239.016    1462.13    1457.49    1136.57
239.250    1462.13    1457.49    1136.57
239.478    1462.13    1457.49    1136.57
239.706    1462.13    1457.49    1136.57
239.934    1462.13    1457.49    1136.57
240.162    1462.13    1457.49    1136.57
240.390    1462.13    1457.49    1136.57
240.618    1462.13    1457.49    1136.57
240.844    1462.13    1457.49    1136.57
241.073    1462.13    1457.49    1136.57
241.305    1462.13    1457.49    1136.57
241.540    1462.13    1457.49    1136.57
241.780    1462.13    1457.59    1136.57
242.018    1462.13    1457.71    1136.57
242.256    1462.13    1457.71    1136.57
242.495    1462.13    1457.71    1136.57
242.733    1462.13    1457.71    1136.57
242.970    1462.13    1457.71    1136.57
243.203    1462.13    1457.71    1136.57
243.432    1462.13    1457.71    1136.57
243.662    1462.13    1457.71    1136.57
243.894    1462.13    1457.71    1136.57
244.126    1462.13    1457.71    1136.57
244.362    1462.13    1457.71    1136.57
244.595    1462.13    1457.71    1136.57
244.826    1462.13    1457.71    1136.57
245.053    1462.13    1457.71    1136.57
245.280    1462.13    1457.71    1136.57
245.509    1462.13    1457.71    1136.57
245.736    1462.13    1457.71    1136.57
245.967    1462.13    1457.71    1136.57
246.205    1462.13    1457.71    1136.57
246.439    1462.13    1457.71    1136.57
246.667    1462.13    1457.71    1136.57
246.900    1462.13    1457.71    1136.57
247.139    1462.13    1457.71    1136.57
247.377    1462.13    1457.71    1136.57
247.613    1462.13    1457.71    1136.57
247.849    1462.13    1457.71    1136.57
248.087    1462.13    1457.71    1136.57
248.325    1462.13    1457.71    1136.57
248.557    1462.13    1457.71    1136.57
248.784    1462.13    1457.71    1136.57
249.011    1462.13    1457.71    1136.57
249.239    1462.13    1457.71    1136.57
249.466    1462.13    1457.71    1136.57
249.693    1462.13    1457.71    1136.57
249.920    1462.13    1457.71    1136.57
250.149    1462.13    1457.71    1136.57
250.380    1462.13    1457.71    1136.57
250.607    1462.13    1457.71    1136.57
250.834    1462.13    1457.71    1136.57
251.066    1462.13    1457.71    1136.57
251.302    1462.13    1457.71    1136.57
251.540    1462.13    1457.71    1136.57
251.778    1462.13    1457.71    1136.57
252.016    1462.13    1457.71    1136.57
252.257    1462.13    1457.71    1136.57
252.498    1462.13    1457.71    1136.57
252.733    1462.13    1457.71    1136.57
252.962    1462.13    1457.71    1136.57
253.190    1462.13    1457.71    1136.57
253.418    1462.13    1457.71    1136.57
253.646    1462.13    1457.71    1136.57
253.873    1462.13    1457.71    1136.57
254.100    1462.13    1457.71    1136.57
254.325    1462.13    1457.71    1136.57
254.555    1462.13    1457.71    1136.57
254.787    1462.13    1457.71    1136.57
255.012    1462.13    1457.71    1136.57
255.237    1462.13    1457.71    1136.57
255.462    1462.13    1457.71    1136.57
255.688    1462.13    1457.71    1136.57
255.913    1462.13    1457.71    1136.57
256.138    1462.13    1457.71    1136.57
256.368    1462.13    1457.71    1136.57
256.604    1462.13    1457.71    1136.57
256.842    1462.13    1457.71    1136.57
257.082    1462.13    1457.71    1136.57
257.318    1462.13    1457.71    1136.57
257.550    1462.13    1457.71    1136.57
257.779    1462.13    1457.71    1136.57
258.007    1462.13    1457.71    1136.57
258.235    1462.13    1457.71    1136.57
258.465    1462.13    1457.71    1136.57
258.695    1462.13    1457.71    1136.57
258.926    1462.13    1457.71    1136.57
259.164    1462.13    1457.71    1136.57
259.403    1462.13    1457.71    1136.57
259.642    1462.13    1457.71    1136.57
259.882    1462.13    1457.71    1136.57
260.117    1462.13    1457.71    1136.57
260.345    1462.13    1457.71    1136.57
260.575    1462.13    1457.71    1136.57
260.804    1462.13    1457.71    1136.57
261.034    1462.13    1457.71    1136.57
261.262    1462.13    1457.71    1136.57
261.492    1462.13    1457.71    1136.57
261.723    1462.13    1457.71    1136.57
261.951    1462.13    1457.71    1136.57
262.180    1462.13    1457.71    1136.57
262.415    1462.13    1457.71    1136.57
262.656    1462.13    1457.71    1136.57
262.896    1462.13    1457.71    1136.57
263.133    1462.13    1457.71    1136.57
263.366    1462.13    1457.71    1136.57
263.591    1462.13    1457.71    1136.57
263.815    1462.13    1457.71    1136.57
264.039    1462.13    1457.71    1136.57
264.267    1462.13    1457.71    1136.57
264.501    1462.13    1457.71    1136.57
264.732    1462.13    1457.71    1136.57
264.957    1462.13    1457.71    1136.57
265.182    1462.13    1457.71    1136.57
265.407    1462.13    1457.71    1136.57
265.632    1462.13    1457.71    1136.57
265.856    1462.13    1457.71    1136.57
266.080    1462.13    1457.71    1136.57
266.304    1462.13    1457.71    1136.57
266.529    1462.13    1457.71    1136.57
266.754    1462.13    1457.71    1136.57
266.980    1462.13    1457.71    1136.57
267.208    1462.13    1457.71    1136.57
267.436    1462.13    1457.71    1136.57
267.667    1462.13    1457.71    1136.57
267.896    1462.13    1457.71    1136.57
268.122    1462.13    1457.71    1136.57
268.347    1462.13    1457.71    1136.57
268.574    1462.13    1457.71    1136.57
268.800    1462.13    1457.71    1136.57
269.026    1462.13    1457.71    1136.57
269.255    1462.13    1457.71    1136.57
269.489    1462.13    1457.71    1136.57
269.725    1462.13    1457.71    1136.57
269.963    1462.13    1457.71    1136.57
270.197    1462.13    1457.71    1136.57
270.431    1462.13    1457.71    1136.57
270.669    1462.13    1457.71    1136.57
270.906    1462.13    1457.71    1136.57
271.144    1462.13    1457.71    1136.57
271.377    1462.13    1457.71    1136.57
271.609    1462.13    1457.71    1136.57
271.849    1462.13    1457.71    1136.57
272.091    1462.13    1457.71    1136.57
272.332    1462.13    1457.71    1136.57
272.571    1462.13    1457.71    1136.57
272.809    1462.13    1457.71    1136.57
273.046    1462.13    1457.71    1136.57
273.285    1462.13    1457.71    1136.57
273.524    1462.13    1457.71    1136.57
273.762    1462.13    1457.71    1136.57
273.999    1462.13    1457.71    1136.57
274.238    1462.13    1457.71    1136.57
274.474    1462.13    1457.71    1136.57
274.703    1462.13    1457.71    1136.57
274.932    1462.13    1457.71    1136.57
275.163    1462.13    1457.71    1136.57
275.393    1462.13    1457.71    1136.57
275.623    1462.13    1457.71    1136.57
275.854    1462.13    1457.71    1136.57
276.082    1462.13    1457.71    1136.57
276.311    1462.13    1457.71    1136.57
276.539    1462.13    1457.71    1136.57
276.765    1462.13    1457.71    1136.57
276.990    1462.13    1457.71    1136.57
277.218    1462.13    1457.71    1136.57
277.456    1462.13    1457.71    1136.57
277.694    1462.13    1457.71    1136.57
277.929    1462.13    1457.71    1136.57
278.167    1462.13    1457.71    1136.57
278.401    1462.13    1457.71    1136.57
278.631    1462.13    1457.71    1136.57
278.860    1462.13    1457.71    1136.57
279.088    1462.13    1457.71    1136.57
279.316    1462.13    1457.71    1136.57
279.547    1462.13    1457.71    1136.57
279.785    1462.13    1457.71    1136.57
280.022    1462.13    1457.71    1136.57
280.252    1462.13    1457.71    1136.57
280.483    1462.13    1457.71    1136.57
280.721    1462.13    1457.71    1136.57
280.958    1462.13    1457.71    1136.57
281.196    1462.13    1457.71    1136.57
281.433    1462.13    1457.71    1136.57
281.670    1462.13    1457.71    1136.57
281.905    1462.13    1457.71    1136.57
282.144    1462.13    1457.71    1136.57
282.387    1462.13    1457.71    1136.57
282.626    1462.13    1457.71    1136.57
282.866    1462.13    1457.71    1136.57
283.101    1462.13    1457.71    1136.57
283.330    1462.13    1457.71    1136.57
283.560    1462.13    1457.71    1136.57
283.788    1462.13    1457.71    1136.57
284.015    1462.13    1457.71    1136.57
284.243    1462.13    1457.71    1136.57
284.472    1462.13    1457.71    1136.57
284.704    1462.13    1457.71    1136.57
284.942    1462.13    1457.71    1136.57
285.179    1462.13    1457.71    1136.57
285.417    1462.13    1457.71    1136.57
285.653    1462.13    1457.71    1136.57
285.882    1462.13    1457.71    1136.57
286.110    1462.13    1457.71    1136.57
286.343    1462.13    1457.71    1136.57
286.577    1462.13    1457.71    1136.57
286.807    1462.13    1457.71    1136.57
287.037    1462.13    1457.71    1136.57
287.264    1462.13    1457.71    1136.57
287.492    1462.13    1457.71    1136.57
287.720    1462.13    1457.71    1136.57
287.947    1462.13    1457.71    1136.57
288.173    1462.13    1457.71    1136.57
288.400    1462.13    1457.71    1136.57
288.630    1462.13    1457.71    1136.57
288.860    1462.13    1457.71    1136.57
289.090    1462.13    1457.71    1136.57
289.324    1462.13    1457.71    1136.57
289.564    1462.13    1457.71    1136.57
289.799    1462.13    1457.71    1136.57
290.031    1462.13    1457.71    1136.57
290.263    1462.13    1457.71    1136.57
290.494    1462.13    1457.71    1136.57
290.724    1462.13    1457.71    1136.57
290.956    1462.13    1457.71    1136.57
291.195    1462.13    1457.71    1136.57
291.426    1462.13    1457.71    1136.57
291.650    1462.13    1457.71    1136.57
291.874    1462.13    1457.71    1136.57
292.099    1462.13    1457.71    1136.57
292.323    1462.13    1457.71    1136.57
292.548    1462.13    1457.71    1136.57
292.778    1462.13    1457.71    1136.57
293.014    1462.13    1457.71    1136.57
293.252    1462.13    1457.71    1136.57
293.491    1462.13    1457.71    1136.57
293.729    1462.13    1457.71    1136.57
293.972    1462.13    1457.71    1136.57
294.207    1462.13    1457.71    1136.57
294.432    1462.13    1457.71    1136.57
294.662    1462.13    1457.59    1136.57
294.893    1462.13    1457.49    1136.57
295.118    1462.13    1457.53    1136.57
295.344    1462.13    1457.52    1136.57
295.571    1462.13    1457.49    1136.57
295.796    1462.13    1457.49    1136.57
296.022    1462.13    1457.49    1136.57
296.253    1462.13    1457.49    1136.57
296.491    1462.13    1457.49    1136.57
296.729    1462.13    1457.49    1136.57
296.967    1462.13    1457.49    1136.57
297.199    1462.13    1457.49    1136.57
297.426    1462.13    1457.49    1136.57
297.652    1462.13    1457.49    1136.57
297.879    1462.13    1457.49    1136.57
298.111    1462.13    1457.49    1136.57
298.346    1462.13    1457.49    1136.57
298.580    1462.13    1457.49    1136.57
298.815    1462.13    1457.49    1136.57
299.049    1462.13    1457.49    1136.57
299.276    1462.13    1457.49    1136.57
299.502    1462.13    1457.49    1136.57
299.729    1462.13    1457.49    1136.57
299.957    1462.13    1457.49    1136.57
300.184    1462.13    1457.49    1136.57
300.410    1462.13    1457.49    1136.57
300.642    1462.13    1457.49    1136.57
300.875    1462.13    1457.49    1136.57
301.103    1462.13    1457.49    1136.57
301.331    1462.13    1457.49    1136.57
301.560    1462.13    1457.49    1136.57
301.788    1462.13    1457.49    1136.57
302.017    1462.13    1457.49    1136.57
302.247    1462.13    1457.49    1136.57
302.477    1462.13    1457.49    1136.57
302.705    1462.13    1457.49    1136.57
302.929    1462.13    1457.49    1136.57
303.154    1462.13    1457.49    1136.57
303.379    1462.13    1457.49    1136.57
303.608    1462.13    1457.49    1136.57
303.839    1462.13    1457.49    1136.57
304.065    1462.13    1457.49    1136.57
304.291    1462.13    1457.49    1136.57
304.517    1462.13    1457.49    1136.57
304.742    1462.13    1457.49    1136.57
304.966    1462.13    1457.49    1136.57
305.190    1462.13    1457.71    1136.57
305.415    1462.13    1457.71    1136.57
305.642    1462.13    1457.71    1136.57
305.872    1462.13    1457.71    1136.57
306.104    1462.13    1457.71    1136.57
306.336    1462.13    1457.71    1136.57
306.569    1462.13    1457.71    1136.57
306.800    1462.13    1457.71    1136.57
307.027    1462.13    1457.71    1136.57
307.253    1462.13    1457.71    1136.57
307.479    1462.13    1457.71    1136.57
307.705    1462.13    1457.71    1136.57
307.931    1462.13    1457.71    1136.57
308.160    1462.13    1457.71    1136.57
308.389    1462.13    1457.71    1136.57
308.615    1462.13    1457.71    1136.57
308.840    1462.13    1457.71    1136.57
309.066    1462.13    1457.71    1136.57
309.291    1462.13    1457.71    1136.57
309.518    1462.13    1457.71    1136.57
309.744    1462.13    1457.71    1136.57
309.970    1462.13    1457.71    1136.57
310.195    1462.13    1457.71    1136.57
310.422    1462.13    1457.71    1136.57
310.649    1462.13    1457.71    1136.57
310.874    1462.13    1457.71    1136.57
311.098    1462.13    1457.71    1136.57
311.325    1462.13    1457.71    1136.57
311.557    1462.13    1457.71    1136.57
311.790    1462.13    1457.71    1136.57
312.017    1462.13    1457.71    1136.57
312.243    1462.13    1457.71    1136.57
312.468    1462.13    1457.71    1136.57
312.692    1462.13    1457.71    1136.57
312.917    1462.13    1457.71    1136.57
313.141    1462.13    1457.71    1136.57
313.365    1462.13    1457.71    1136.57
313.595    1462.13    1457.71    1136.57
313.833    1462.13    1457.71    1136.57
314.067    1462.13    1457.71    1136.57
314.300    1462.13    1457.71    1136.57
314.536    1462.13    1457.71    1136.57
314.767    1462.13    1457.71    1136.57
314.997    1462.13    1457.71    1136.57
315.226    1462.13    1457.71    1136.57
315.453    1462.13    1457.71    1136.57
315.678    1462.13    1457.71    1136.57
315.903    1462.13    1457.71    1136.57
316.128    1462.13    1457.71    1136.57
316.354    1462.13    1457.71    1136.57
316.579    1462.13    1457.71    1136.57
316.805    1462.13    1457.71    1136.57
317.035    1462.13    1457.71    1136.57
317.268    1462.13    1457.71    1136.57
317.497    1462.13    1457.71    1136.57
317.726    1462.13    1457.71    1136.57
317.956    1462.13    1457.71    1136.57
318.184    1462.13    1457.71    1136.57
318.412    1462.13    1457.71    1136.57
318.640    1462.13    1457.71    1136.57
318.868    1462.13    1457.71    1136.57
319.102    1462.13    1457.71    1136.57
319.337    1462.13    1457.71    1136.57
319.568    1462.13    1457.71    1136.57
319.800    1462.13    1457.71    1136.57
320.033    1462.13    1457.71    1136.57
320.266    1462.13    1457.71    1136.57
320.496    1462.13    1457.71    1136.57
320.722    1462.13    1457.71    1136.57
320.949    1462.13    1457.71    1136.57
321.177    1462.13    1457.71    1136.57
321.402    1462.13    1457.71    1136.57
321.628    1462.13    1457.71    1136.57
321.856    1462.13    1457.71    1136.57
322.089    1462.13    1457.71    1136.57
322.318    1462.13    1457.71    1136.57
322.544    1462.13    1457.71    1136.57
322.769    1462.13    1457.71    1136.57
322.995    1462.13    1457.71    1136.57
323.221    1462.13    1457.71    1136.57
323.446    1462.13    1457.71    1136.57
323.671    1462.13    1457.71    1136.57
323.896    1462.13    1457.71    1136.57
324.124    1462.13    1457.71    1136.57
324.357    1462.13    1457.71    1136.57
324.591    1462.13    1457.71    1136.57
324.821    1462.13    1457.71    1136.57
325.051    1462.13    1457.71    1136.57
325.279    1462.13    1457.71    1136.57
325.505    1462.13    1457.71    1136.57
325.733    1462.13    1457.71    1136.57
325.965    1462.13    1457.71    1136.57
326.191    1462.13    1457.71    1136.57
326.417    1462.13    1457.71    1136.57
326.650    1462.13    1457.71    1136.57
326.889    1462.13    1457.71    1136.57
327.124    1462.13    1457.71    1136.57
327.350    1462.13    1457.71    1136.57
327.574    1462.13    1457.71    1136.57
327.799    1462.13    1457.71    1136.57
328.022    1462.13    1457.71    1136.57
328.246    1462.13    1457.71    1136.57
328.471    1462.13    1457.71    1136.57
328.695    1462.13    1457.71    1136.57
328.920    1462.13    1457.71    1136.57
329.148    1462.13    1457.71    1136.57
329.378    1462.13    1457.71    1136.57
329.610    1462.13    1457.71    1136.57
329.848    1462.13    1457.71    1136.57
330.079    1462.13    1457.71    1136.57
330.309    1462.13    1457.71    1136.57
330.538    1462.13    1457.71    1136.57
330.766    1462.13    1457.71    1136.57
330.993    1462.13    1457.71    1136.57
331.219    1462.13    1457.71    1136.57
331.445    1462.13    1457.71    1136.57
331.673    1462.13    1457.71    1136.57
331.901    1462.13    1457.71    1136.57
332.126    1462.13    1457.71    1136.57
332.354    1462.13    1457.71    1136.57
332.590    1462.13    1457.71    1136.57
332.822    1462.13    1457.71    1136.57
333.051    1462.13    1457.71    1136.57
333.278    1462.13    1457.71    1136.57
333.504    1462.13    1457.71    1136.57
333.729    1462.13    1457.71    1136.57
333.954    1462.13    1457.71    1136.57
334.180    1462.13    1457.71    1136.57
334.407    1462.13    1457.71    1136.57
334.633    1462.13    1457.71    1136.57
334.859    1462.13    1457.71    1136.57
335.089    1462.13    1457.71    1136.57
335.321    1462.13    1457.71    1136.57
335.548    1462.13    1457.71    1136.57
335.775    1462.13    1457.71    1136.57
336.002    1462.13    1457.71    1136.57
336.228    1462.13    1457.71    1136.57
336.455    1462.13    1457.71    1136.57
336.680    1462.13    1457.71    1136.57
336.911    1462.13    1457.71    1136.57
337.146    1462.13    1457.71    1136.57
337.378    1462.13    1457.71    1136.57
337.616    1462.13    1457.71    1136.57
337.855    1462.13    1457.71    1136.57
338.090    1462.13    1457.71    1136.57
338.322    1462.13    1457.71    1136.57
338.553    1462.13    1457.71    1136.57
338.783    1462.13    1457.71    1136.57
339.010    1462.13    1457.71    1136.57
339.236    1462.13    1457.71    1136.57
339.465    1462.13    1457.71    1136.57
339.698    1462.13    1457.71    1136.57
339.934    1462.13    1457.71    1136.57
340.169    1462.13    1457.71    1136.57
340.401    1462.13    1457.71    1136.57
340.635    1462.13    1457.71    1136.57
340.871    1462.13    1457.71    1136.57
341.106    1462.13    1457.71    1136.57
341.341    1462.13    1457.71    1136.57
341.573    1462.13    1457.71    1136.57
341.800    1462.13    1457.71    1136.57
342.029    1462.13    1457.71    1136.57
342.262    1462.13    1457.71    1136.57
342.498    1462.13    1457.71    1136.57
342.735    1462.13    1457.71    1136.57
342.972    1462.13    1457.71    1136.57
343.210    1462.13    1457.71    1136.57
343.448    1462.13    1457.71    1136.57
343.686    1462.13    1457.71    1136.57
343.920    1462.13    1457.71    1136.57
344.145    1462.13    1457.71    1136.57
344.371    1462.13    1457.71    1136.57
344.597    1462.13    1457.71    1136.57
344.826    1462.13    1457.71    1136.57
345.051    1462.13    1457.71    1136.57
345.281    1462.13    1457.71    1136.57
345.516    1462.13    1457.71    1136.57
345.746    1462.13    1457.71    1136.57
345.971    1462.13    1457.71    1136.57
346.198    1462.13    1457.71    1136.57
346.425    1462.13    1457.71    1136.57
346.651    1462.13    1457.71    1136.57
346.878    1462.13    1457.71    1136.57
347.104    1462.13    1457.71    1136.57
347.334    1462.13    1457.71    1136.57
347.571    1462.13    1457.71    1136.57
347.809    1462.13    1457.71    1136.57
348.045    1462.13    1457.71    1136.57
348.283    1462.13    1457.71    1136.57
348.518    1462.13    1457.71    1136.57
348.744    1462.13    1457.71    1136.57
348.970    1462.13    1457.71    1136.57
349.196    1462.13    1457.71    1136.57
349.422    1462.13    1457.71    1136.57
349.646    1462.13    1457.71    1136.57
349.871    1462.13    1457.71    1136.57
350.100    1462.13    1457.71    1136.57
350.330    1462.13    1457.71    1136.57
350.557    1462.13    1457.71    1136.57
350.783    1462.13    1457.71    1136.57
351.011    1462.13    1457.71    1136.57
351.240    1462.13    1457.71    1136.57
351.467    1462.13    1457.71    1136.57
351.693    1462.13    1457.71    1136.57
351.918    1462.13    1457.71    1136.57
352.143    1462.13    1457.71    1136.57
352.369    1462.13    1457.71    1136.57
352.593    1462.13    1457.71    1136.57
352.818    1462.13    1457.71    1136.57
353.046    1462.13    1457.71    1136.57
353.277    1462.13    1457.71    1136.57
353.505    1462.13    1457.71    1136.57
353.732    1462.13    1457.71    1136.57
353.958    1462.13    1457.71    1136.57
354.183    1462.13    1457.71    1136.57
354.407    1462.13    1457.71    1136.57
354.632    1462.13    1457.71    1136.57
354.857    1462.13    1457.71    1136.57
355.082    1462.13    1457.71    1136.57
355.308    1462.13    1457.71    1136.57
355.535    1462.13    1457.71    1136.57
355.763    1462.13    1457.71    1136.57
355.992    1462.13    1457.71    1136.57
356.220    1462.13    1457.71    1136.57
356.446    1462.13    1457.71    1136.57
356.673    1462.13    1457.71    1136.57
356.899    1462.13    1457.71    1136.57
357.125    1462.13    1457.71    1136.57
357.351    1462.13    1457.71    1136.57
357.578    1462.13    1457.71    1136.57
357.802    1462.13    1457.58    1136.57
358.029    1462.13    1457.49    1136.57
358.256    1462.13    1457.53    1136.57
358.481    1462.13    1457.53    1136.57
358.706    1462.24    1457.56    1136.79
358.932    1462.24    1457.56    1136.79
359.158    1462.24    1457.56    1136.79
359.383    1416.07    1409.77    1161.79
359.661    1049.27    1049.25    1049.20
ERROR: can't open /proc/2758643/smaps: No such file or directory at ../wss.pl line 226.
