Watching PID 693063 page references for every 0.2 seconds...
Est(s)     RSS(MB)    PSS(MB)    Ref(MB)
0.218       442.52     435.21       0.90
0.214       439.47     432.16       0.25
0.216       436.48     429.15       2.73
0.215       436.48     429.15       2.48
0.213       434.28     426.90       0.33
0.214       432.88     428.22       3.07
0.213       432.88     428.22       2.45
0.217       432.88     428.22       0.24
0.219       905.64     900.84     494.46
0.240      1781.03    1776.23     921.43
0.261      2707.72    2702.92     967.76
0.271      3660.50    3655.70    1011.80
0.284      4499.22    4494.42     822.38
0.297      4957.91    4953.10     504.50
0.290      5017.70    5012.90      85.77
0.293      5080.99    5076.19      86.85
0.292      5144.57    5139.76      86.48
0.297      5206.32    5201.52      89.96
0.297      5260.50    5255.70      87.80
0.294      5306.43    5301.63      85.93
0.316      5354.77    5349.96      87.34
0.298      5404.41    5399.61      87.51
0.295      5452.48    5447.68      86.70
0.300      5499.02    5494.21      88.48
0.303      5542.45    5537.65      89.70
0.305      5584.16    5579.35      88.60
0.299      5625.14    5620.34      87.99
0.303      5665.38    5660.58      87.60
0.304      5707.93    5703.13      88.12
0.306      5748.84    5744.04      87.63
0.304      5789.14    5784.33      87.98
0.302      5828.10    5823.30      85.84
0.304      5868.38    5863.58      88.55
0.308      5907.86    5903.06      88.29
0.308      5946.84    5942.04      88.29
0.305      5985.70    5980.90      87.61
0.304      6024.84    6020.04      88.52
0.307      6063.50    6058.70      88.14
0.308      6102.55    6097.75      87.65
0.306      6141.62    6136.82      88.16
0.320      6182.18    6177.38      90.41
0.329      6220.77    6215.96      87.23
0.318      6261.48    6256.68      90.83
0.316      6294.60    6289.80     117.72
0.312      6388.98    6384.18      88.71
0.310      6389.60    6384.80      88.99
0.318      6388.63    6383.83      90.13
0.311      6389.07    6384.27      88.97
0.307      6388.71    6383.91      87.67
0.309      6388.27    6383.47      78.63
0.308      6388.30    6383.50      85.62
0.310      6388.39    6383.59      88.44
0.321      6387.86    6383.05     220.31
0.328      6388.39    6383.59     199.12
0.325      6317.50    6312.70     508.18
0.349      6330.06    6325.26     356.87
0.355      6308.49    6303.69     566.10
0.354      6781.12    6776.32     665.02
0.341      7074.58    7069.78     544.35
0.350      7608.66    7603.86     527.99
0.353      7648.44    7643.64     102.19
0.355      7687.56    7682.76     100.10
0.351      7732.38    7727.57     100.59
0.356      7776.19    7771.39     100.45
0.354      7796.34    7791.54      99.97
0.356      7799.39    7794.58     100.40
0.356      7800.34    7795.54     101.14
0.363      7804.01    7799.21     103.31
0.366      7805.01    7800.21     103.54
0.361      7807.97    7803.17     102.05
0.357      7806.81    7802.01     100.96
0.355      7808.09    7803.29      99.99
0.356      7810.52    7805.72     102.32
0.356      7810.11    7805.31     100.22
0.355      7810.02    7805.22     100.03
0.372      7804.64    7799.84     106.51
0.356      7805.43    7800.62      99.95
0.371      7804.70    7799.89     104.90
0.355      7802.63    7797.83     100.01
0.364      7804.12    7799.31     105.41
0.368      7803.14    7798.34     104.93
0.366      7802.48    7797.68     103.62
0.355      7803.79    7798.99     100.57
0.354      7803.82    7799.02     100.60
0.368      7803.79    7798.98     106.02
0.359      7803.28    7798.48     101.14
0.357      7804.24    7799.44     101.20
0.362      7803.70    7798.90     102.18
0.384      7803.30    7798.50     100.86
0.388      7803.94    7799.14     109.28
0.364      7803.48    7798.68     102.38
0.358      7804.97    7800.17     100.29
0.359      7805.07    7800.27     100.55
0.370      7804.89    7800.09     105.08
0.367      7806.23    7801.43     103.93
0.353      7805.94    7801.14     100.71
0.364      7806.07    7801.27     104.61
0.366      7806.06    7801.26     103.48
0.368      7805.19    7800.38     136.05
0.360      7805.03    7800.22     100.11
0.360      7805.32    7800.51     101.78
0.358      7804.89    7800.08      98.81
0.378      7806.11    7801.31     104.63
0.361      7819.88    7815.08     100.88
0.362      7824.02    7819.22     100.79
0.369      7822.25    7817.45     241.68
0.359      7877.34    7872.54     166.14
0.361      7894.70    7889.89      93.21
0.371      7918.92    7914.12      96.29
0.373      7934.58    7929.78     158.86
0.369      7968.96    7964.16     129.30
0.360      7978.83    7974.02     101.90
0.379      7993.73    7988.93      82.23
0.370      7993.31    7988.51      81.16
0.500      8057.96    8053.16      63.98
0.374      8062.91    8058.11       2.63
0.366      8062.91    8058.11       2.55
0.369      8062.91    8058.11       2.52
0.367      8062.91    8058.11       2.55
0.371      8062.91    8058.11       2.55
0.362      8062.91    8058.11       2.54
0.372      8062.91    8058.11       2.52
0.381      8062.91    8058.11       2.54
0.402      8062.91    8058.11       2.53
0.407      8062.91    8058.11       2.53
0.406      8062.91    8058.11       2.62
0.405      8062.91    8058.11       3.13
0.408      8062.91    8058.11       2.55
0.393      8062.91    8058.11       2.55
0.381      8062.91    8058.11       2.52
0.369      8062.91    8058.11       2.54
0.358      8062.91    8058.11       2.53
0.365      8062.91    8058.11       2.53
0.373      8062.91    8058.11       2.52
0.374      8062.91    8058.11       2.63
0.380      8062.91    8058.11       2.54
0.362      8062.91    8058.11       2.55
0.377      8062.91    8058.11       2.55
0.367      8062.91    8058.11       2.53
0.370      8062.91    8058.11       2.55
0.361      8062.91    8058.11       2.52
0.367      8062.91    8058.11       2.53
0.370      8062.91    8058.11       2.62
0.370      8062.91    8058.11       2.55
0.366      8062.91    8058.11       2.91
0.370      8062.91    8058.11       2.55
0.366      8062.91    8058.11       2.55
0.362      8062.91    8058.11       2.55
0.363      8062.91    8058.11       2.53
0.367      8062.91    8058.11       2.54
0.367      8062.91    8058.11       2.53
0.368      8062.91    8058.11       2.53
0.369      8062.91    8058.11       2.54
0.374      8062.91    8058.11       2.52
0.372      8062.91    8058.11       2.55
0.369      8062.91    8058.11       2.59
0.366      8062.91    8058.11       2.55
0.369      8062.91    8058.11       2.53
0.367      8062.91    8058.11       2.55
0.370      8062.91    8058.11       2.52
0.368      8062.91    8058.11       2.54
0.374      8062.91    8058.11       2.53
0.365      8062.91    8058.11       2.54
0.368      8062.91    8058.11       3.14
0.369      8062.91    8058.11       2.55
0.367      8062.91    8058.11       2.64
0.372      8062.91    8058.11       2.55
0.365      8062.91    8058.11       2.55
0.370      8062.91    8058.11       2.52
0.370      8062.91    8058.11       2.53
0.380      8062.91    8058.11       2.54
0.372      8062.91    8058.11       2.55
0.374      8062.91    8058.11       2.53
0.369      8062.91    8058.11       2.54
0.369      8062.91    8058.11       2.52
0.368      8062.91    8058.11       2.61
0.363      8062.91    8058.11       2.54
0.366      8062.91    8058.11       2.53
0.368      8062.91    8058.11       2.52
0.359      8062.91    8058.11       2.52
0.372      8062.91    8058.11       2.55
0.367      8062.91    8058.11       2.52
0.378      8062.91    8058.11       2.75
0.364      8062.91    8058.11       2.52
0.395      8062.91    8058.11       2.55
0.363      8062.91    8058.11       2.63
0.375      8062.91    8058.11       2.55
0.367      8062.91    8058.11       2.52
0.364      8062.91    8058.11       2.52
0.364      8062.91    8058.11       2.55
0.367      8062.91    8058.11       2.52
0.375      8062.91    8058.11       2.55
0.366      8062.91    8058.11       2.55
0.367      8062.91    8058.11       2.55
0.363      8062.91    8058.11       2.53
0.371      8062.91    8058.11       2.54
0.361      8062.91    8058.11       2.52
0.375      8062.91    8058.11       2.53
0.364      8062.91    8058.11       2.52
0.371      8062.91    8058.11       2.54
0.378      8062.91    8058.11       3.21
0.375      8062.91    8058.11       2.54
0.365      8062.91    8058.11       2.54
0.366      8062.91    8058.11       2.53
0.364      8062.91    8058.11       2.55
0.370      8062.91    8058.11       2.53
0.363      8062.91    8058.11       2.63
0.366      8062.91    8058.11       2.52
0.367      8062.91    8058.11       2.55
0.364      8062.91    8058.11       2.52
0.385      8062.91    8058.11       2.55
0.367      8062.91    8058.11       2.52
0.368      8062.91    8058.11       2.55
0.363      8062.91    8058.11       2.54
0.372      8062.91    8058.11       2.52
0.394      8062.91    8058.11       2.53
0.407      8062.91    8058.11       2.61
0.366      8062.91    8058.11       2.55
0.384      8062.91    8058.11       2.91
0.364      8062.91    8058.11       2.55
0.378      8062.91    8058.11       2.52
0.364      8062.91    8058.11       2.55
0.371      8062.91    8058.11       2.55
0.360      8062.91    8058.11       2.51
0.369      8062.91    8058.11       2.52
0.368      8062.91    8058.11       2.53
0.396      8062.91    8058.11       2.63
0.396      8062.91    8058.11       2.53
0.365      8062.91    8058.11       2.55
0.363      8062.91    8058.11       2.52
0.403      8062.91    8058.11       2.55
0.372      8062.91    8058.11       2.52
0.366      8062.91    8058.11       2.54
0.362      8062.91    8058.11       2.53
0.365      8062.91    8058.11       2.52
0.366      8062.91    8058.11       2.55
0.362      8062.91    8058.11       2.62
0.365      8062.91    8058.11       2.77
0.369      8062.91    8058.11       2.52
0.369      8062.91    8058.11       2.55
0.384      8062.91    8058.11       2.53
0.367      8062.91    8058.11       2.55
0.384      8062.91    8058.11       2.52
0.361      8062.91    8058.11       2.53
0.360      8062.91    8058.11       2.53
0.378      8062.91    8058.11       2.55
0.376      8062.91    8058.11       2.64
0.371      8062.91    8058.11       2.54
0.383      8062.91    8058.11       2.55
0.369      8062.91    8058.11       2.53
0.388      8062.91    8058.11       2.54
0.365      8062.91    8058.11       2.52
0.377      8062.91    8058.11       2.52
0.367      8062.91    8058.11       2.54
0.365      8062.91    8058.11       2.54
0.399      8062.91    8058.11       3.20
0.369      8062.91    8058.11       2.64
0.366      8062.91    8058.11       2.55
0.364      8062.91    8058.11       2.52
0.379      8062.91    8058.11       2.55
0.362      8062.91    8058.11       2.52
0.377      8062.91    8058.11       2.52
0.367      8062.91    8058.11       2.52
0.411      8062.91    8058.11       2.55
0.367      8062.91    8058.11       2.54
0.402      8062.91    8058.11       2.55
0.365      8062.91    8058.11       2.64
0.366      8062.91    8058.11       2.53
0.360      8062.91    8058.11       2.55
0.365      8062.91    8058.11       2.53
0.363      8062.91    8058.11       2.52
0.386      8062.91    8058.11       2.52
0.366      8062.91    8058.11       2.55
0.378      8062.91    8058.11       3.14
0.374      8062.91    8058.11       2.54
0.374      8062.91    8058.11       2.52
0.373      8062.91    8058.11       2.62
0.369      8062.91    8058.11       2.55
0.363      8062.91    8058.11       2.53
0.367      8062.91    8058.11       2.52
0.390      8062.91    8058.11       2.52
0.368      8062.91    8058.11       2.54
0.398      8062.91    8058.11       2.54
0.384      8062.91    8058.11       2.55
0.367      8062.91    8058.11       2.52
0.373      8062.91    8058.11       2.54
0.374      8062.91    8058.11       2.62
0.366      8062.91    8058.11       2.52
0.385      8062.91    8058.11       2.52
0.384      8062.91    8058.11       2.52
0.364      8062.91    8058.11       2.54
0.363      8062.91    8058.11       2.91
0.370      8062.91    8058.11       2.55
0.362      8062.91    8058.11       2.52
0.406      8062.91    8058.11       2.55
0.367      8062.91    8058.11       2.53
0.376      8062.91    8058.11       2.62
0.387      8062.91    8058.11       2.53
0.367      8062.91    8058.11       2.52
0.369      8062.91    8058.11       2.54
0.364      8062.91    8058.11       2.52
0.375      8062.91    8058.11       2.55
0.376      8062.91    8058.11       2.52
0.371      8062.91    8058.11       2.54
0.361      8062.91    8058.11       2.52
0.368      8062.91    8058.11       2.55
0.367      8062.91    8058.11       2.63
0.362      8062.91    8058.11       2.52
0.367      8062.91    8058.11       2.54
0.361      8062.91    8058.11       2.53
0.359      8062.91    8058.11       2.82
0.378      8062.91    8058.11       2.55
0.370      8062.91    8058.11       2.55
0.380      8062.91    8058.11       2.52
0.360      8062.91    8058.11       2.55
0.380      8062.91    8058.11       2.52
0.366      8062.91    8058.11       2.63
0.368      8062.91    8058.11       2.55
0.361      8062.91    8058.11       2.52
0.370      8062.91    8058.11       2.55
0.365      8062.91    8058.11       2.55
0.367      8062.91    8058.11       2.55
0.369      8062.91    8058.11       2.51
0.368      8062.91    8058.11       2.54
0.371      8062.91    8058.11       2.53
0.376      8062.91    8058.11       2.52
0.365      8062.91    8058.11       2.52
0.379      8062.91    8058.11       2.54
0.379      8062.91    8058.11       3.14
0.368      8062.91    8058.11       2.54
0.402      8062.91    8058.11       2.54
0.368      8062.91    8058.11       2.52
0.366      8062.91    8058.11       2.54
0.366      8062.91    8058.11       2.52
0.365      8062.91    8058.11       2.52
0.364      8062.91    8058.11       2.52
0.397      8062.91    8058.11       2.54
0.371      8062.91    8058.11       2.54
0.356      8062.91    8058.11       2.55
0.378      8062.91    8058.11       2.52
0.376      8062.91    8058.11       2.55
0.381      8062.91    8058.11       2.54
0.362      8062.91    8058.11       2.54
0.360      8062.91    8058.11       2.52
0.366      8062.91    8058.11       2.52
0.362      8062.91    8058.11       2.54
0.370      8062.91    8058.11       2.91
0.365      8062.91    8058.11       2.63
0.375      8062.91    8058.11       2.52
0.361      8062.91    8058.11       2.54
0.364      8062.91    8058.11       2.53
0.363      8062.91    8058.11       2.55
0.367      8062.91    8058.11       2.52
0.365      8062.91    8058.11       2.53
0.361      8062.91    8058.11       2.54
0.368      8062.91    8058.11       2.54
0.366      8062.91    8058.11       2.55
0.386      8062.91    8058.11       2.63
0.379      8062.91    8058.11       2.55
0.365      8062.91    8058.11       2.52
0.366      8062.91    8058.11       2.55
0.364      8062.91    8058.11       2.52
0.365      8062.91    8058.11       2.52
0.361      8062.91    8058.11       2.52
0.370      8062.91    8058.11       2.54
0.361      8062.91    8058.11       3.20
0.368      8062.91    8058.11       2.55
0.365      8062.91    8058.11       2.53
0.362      8062.91    8058.11       2.61
0.381      8062.91    8058.11       2.55
0.364      8062.91    8058.11       2.54
0.370      8062.91    8058.11       2.52
0.371      8062.91    8058.11       2.53
0.356      8062.91    8058.11       2.55
0.380      8062.91    8058.11       2.52
0.372      8062.91    8058.11       2.63
0.364      8062.91    8058.11       2.53
0.358      8062.91    8058.11       2.55
0.364      8062.91    8058.11       2.63
0.359      8062.91    8058.11       2.54
0.363      8062.91    8058.11       2.52
0.366      8062.91    8058.11       2.54
0.366      8062.91    8058.11       2.54
0.363      8062.91    8058.11       2.52
0.364      8062.91    8058.11       3.14
0.359      8062.91    8058.11       2.55
0.360      8062.91    8058.11       2.55
0.364      8062.91    8058.11       2.52
0.368      8062.91    8058.11       2.62
0.367      8062.91    8058.11       2.52
0.365      8062.91    8058.11       2.52
0.379      8062.91    8058.11       2.52
0.369      8062.91    8058.11       2.55
0.371      8062.91    8058.11       2.54
0.368      8062.91    8058.11       2.54
0.378      8062.91    8058.11       2.52
0.381      8062.91    8058.11       2.55
0.376      8062.91    8058.11       2.54
0.371      8062.91    8058.11       2.63
0.367      8062.91    8058.11       2.52
0.363      8062.91    8058.11       2.52
0.376      8062.91    8058.11       2.54
0.362      8062.91    8058.11       2.91
0.371      8062.91    8058.11       2.55
0.368      8062.91    8058.11       2.52
0.366      8062.91    8058.11       2.55
0.369      8062.91    8058.11       2.52
0.365      8062.91    8058.11       2.55
0.367      8062.91    8058.11       2.53
0.363      8062.91    8058.11       2.60
0.374      8062.91    8058.11       2.55
0.361      8062.91    8058.11       2.53
0.372      8062.91    8058.11       2.55
0.369      8062.91    8058.11       2.53
0.374      8062.91    8058.11       2.54
0.362      8062.91    8058.11       2.52
0.374      8062.91    8058.11       2.55
0.394      8062.91    8058.11       2.53
0.373      8062.91    8058.11       2.53
0.372      8062.91    8058.11       2.62
0.385      8062.91    8058.11       2.52
0.369      8062.91    8058.11       2.82
0.370      8062.91    8058.11       2.55
0.380      8062.91    8058.11       2.55
0.392      8062.91    8058.11       2.63
0.377      8062.91    8058.11       2.62
0.371      8062.91    8058.11       2.60
0.364      8062.91    8058.11       2.52
0.375      8062.91    8058.11       2.55
0.367      8062.91    8058.11       2.63
0.366      8062.91    8058.11       2.54
0.368      8062.91    8058.11       2.55
0.376      8062.91    8058.11       2.55
0.366      8062.91    8058.11       2.52
0.368      8062.91    8058.11       2.54
0.365      8062.91    8058.11       2.53
0.377      8062.91    8058.11       2.53
0.363      8062.91    8058.11       2.51
0.363      8062.91    8058.11       2.54
0.359      8062.91    8058.11       3.00
0.385      8062.91    8058.11       2.55
0.368      8062.91    8058.11       2.53
0.383      8062.91    8058.11       2.54
0.379      8062.91    8058.11       2.55
0.366      8062.91    8058.11       2.52
0.364      8062.91    8058.11       2.53
0.376      8062.91    8058.11       2.52
0.371      8062.91    8058.11       2.54
0.368      8062.91    8058.11       2.52
0.369      8062.91    8058.11       2.63
0.365      8062.91    8058.11       2.52
0.368      8062.91    8058.11       2.55
0.360      8062.91    8058.11       2.52
0.377      8062.91    8058.11       2.55
0.368      8062.91    8058.11       2.52
0.393      8062.91    8058.11       2.52
0.386      8062.91    8058.11       2.55
0.389      8062.91    8058.11       2.91
0.374      8062.91    8058.11       2.54
0.366      8062.91    8058.11       2.62
0.368      8062.91    8058.11       2.55
0.365      8062.91    8058.11       2.52
0.377      8062.91    8058.11       2.55
0.365      8062.91    8058.11       2.52
0.409      8062.91    8058.11       2.52
0.371      8062.91    8058.11       2.55
0.403      8062.91    8058.11       2.52
0.385      8062.91    8058.11       2.55
0.371      8062.91    8058.11       2.53
0.364      8062.91    8058.11       2.63
0.370      8062.91    8058.11       2.52
0.366      8062.91    8058.11       2.54
0.371      8062.91    8058.11       2.52
0.369      8062.91    8058.11       2.51
0.395      8062.91    8058.11       2.54
0.372      8062.91    8058.11       2.91
0.372      8062.91    8058.11       2.55
0.366      8062.91    8058.11       2.52
0.380      8062.91    8058.11       2.55
0.374      8062.91    8058.11       2.63
0.361      8062.91    8058.11       2.54
0.364      8062.91    8058.11       2.63
0.362      8062.91    8058.11       2.53
0.369      8062.91    8058.11       2.55
0.366      8062.91    8058.11       2.52
0.409      8062.91    8058.11       2.55
0.367      8062.91    8058.11       2.53
0.397      8062.91    8058.11       2.54
0.377      8062.91    8058.11       2.52
0.373      8062.91    8058.11       2.63
0.369      8062.91    8058.11       2.52
0.362      8062.91    8058.11       2.52
0.380      8062.91    8058.11       2.54
0.361      8062.91    8058.11       2.52
0.368      8062.91    8058.11       2.76
0.364      8062.91    8058.11       2.52
0.378      8062.91    8058.11       2.55
0.376      8062.91    8058.11       2.52
0.379      8062.91    8058.11       2.55
0.371      8062.91    8058.11       2.63
0.374      8062.91    8058.11       2.51
0.369      8062.91    8058.11       2.54
0.365      8062.91    8058.11       2.53
0.366      8062.91    8058.11       2.55
0.371      8062.91    8058.11       2.54
0.373      8062.91    8058.11       2.55
0.363      8062.91    8058.11       2.53
0.360      8062.91    8058.11       2.55
0.390      8062.91    8058.11       2.52
0.361      8062.91    8058.11       2.53
0.375      8062.91    8058.11       2.61
0.362      8062.91    8058.11       2.52
0.368      8062.91    8058.11       3.14
0.362      8062.91    8058.11       2.54
0.403      8062.91    8058.11       2.54
0.390      8062.91    8058.11       2.52
0.373      8062.91    8058.11       2.54
0.367      8062.91    8058.11       2.52
0.390      8062.91    8058.11       2.53
0.365      8062.91    8058.11       2.54
0.384      8062.91    8058.11       2.62
0.359      8062.91    8058.11       2.55
0.377      8062.91    8058.11       2.54
0.364      8062.91    8058.11       2.54
0.379      8062.91    8058.11       2.54
0.373      8062.91    8058.11       2.55
0.389      8062.91    8058.11       2.53
0.373      8062.91    8058.11       2.52
0.372      8062.91    8058.11       2.52
0.376      8062.91    8058.11       2.54
0.369      8062.91    8058.11       3.05
0.387      8062.91    8058.11       2.54
0.367      8062.91    8058.11       2.55
0.365      8062.91    8058.11       2.55
0.365      8062.91    8058.11       2.52
0.353      8062.91    8058.11       2.55
0.369      8062.91    8058.11       2.52
0.378      8062.91    8058.11       2.53
0.403      8062.91    8058.11       2.55
0.398      8062.91    8058.11       2.55
0.402      8062.91    8058.11       2.55
0.395      8062.91    8058.11       2.55
0.400      8062.91    8058.11       2.52
0.395      8062.91    8058.11       2.54
0.365      8062.91    8058.11       2.52
0.398      8062.91    8058.11       2.52
0.397      8062.91    8058.11       2.55
0.398      8062.91    8058.11       2.52
0.391      8062.91    8058.11       2.76
0.367      8062.91    8058.11       2.63
0.368      8062.91    8058.11       2.55
0.371      8062.91    8058.11       2.52
0.365      8062.91    8058.11       2.55
0.367      8062.91    8058.11       2.52
0.368      8062.91    8058.11       2.52
0.366      8062.91    8058.11       2.55
0.363      8062.91    8058.11       2.52
0.369      8062.91    8058.11       2.55
0.362      8062.91    8058.11       2.54
0.382      8062.91    8058.11       2.63
0.359      8062.91    8058.11       2.55
0.378      8062.91    8058.11       2.55
0.362      8062.91    8058.11       2.52
0.385      8062.91    8058.11       2.53
0.395      8062.91    8058.11       2.54
0.403      8062.91    8058.11       2.52
0.366      8062.91    8058.11       3.14
0.375      8062.91    8058.11       2.55
0.370      8062.91    8058.11       2.54
0.367      8062.91    8058.11       2.63
0.368      8062.91    8058.11       2.54
0.361      8062.91    8058.11       2.52
0.381      8062.91    8058.11       2.54
0.377      8062.91    8058.11       2.54
0.375      8062.91    8058.11       2.54
0.373      8062.91    8058.11       2.55
0.367      8062.91    8058.11       2.55
0.365      8062.91    8058.11       2.53
0.363      8062.91    8058.11       2.55
0.394      8062.91    8058.11       2.63
0.369      8062.91    8058.11       2.52
0.373      8062.91    8058.11       2.52
0.372      8062.91    8058.11       2.52
0.390      8062.91    8058.11       2.54
0.369      8062.91    8058.11       2.98
0.371      8062.91    8058.11       2.55
0.368      8062.91    8058.11       2.52
0.366      8062.91    8058.11       2.55
0.370      8062.91    8058.11       2.52
0.363      8062.91    8058.11       2.55
0.384      8062.91    8058.11       2.52
0.381      8062.91    8058.11       2.52
0.386      8062.91    8058.11       2.54
0.377      8062.91    8058.11       2.55
0.367      8062.91    8058.11       2.55
0.379      8062.91    8058.11       2.53
0.369      8062.91    8058.11       2.54
0.412      8062.91    8058.11       2.54
0.372      8062.91    8058.11       2.55
0.376      8062.91    8058.11       2.63
0.386      8062.91    8058.11       2.53
0.390      8062.91    8058.11       2.54
0.371      8062.91    8058.11       2.93
0.371      8062.91    8058.11       2.54
0.372      8062.91    8058.11       2.52
0.377      8062.91    8058.11       2.64
0.371      8062.91    8058.11       2.52
0.377      8062.91    8058.11       2.54
0.369      8062.91    8058.11       2.52
0.371      8062.91    8058.11       2.63
0.402      8062.91    8058.11       2.55
0.403      8062.91    8058.11       2.54
0.400      8062.91    8058.11       2.55
0.367      8062.91    8058.11       2.52
0.367      8062.91    8058.11       2.55
0.365      8062.91    8058.11       2.55
0.373      8062.91    8058.11       2.52
0.365      8062.91    8058.11       2.52
0.369      8062.91    8058.11       2.53
0.365      8062.91    8058.11       2.64
0.372      8062.91    8058.11       2.93
0.364      8062.91    8058.11       2.55
0.376      8062.91    8058.11       2.53
0.369      8062.91    8058.11       2.55
0.394      8062.91    8058.11       2.53
0.376      8062.91    8058.11       2.55
0.358      8062.91    8058.11       2.53
0.375      8062.91    8058.11       2.52
0.396      8062.91    8058.11       2.54
0.418      8062.91    8058.11       2.63
0.418      8062.91    8058.11       2.55
0.412      8062.91    8058.11       2.55
0.410      8062.91    8058.11       2.52
0.370      8062.91    8058.11       2.55
0.360      8062.91    8058.11       2.53
0.360      8062.91    8058.11       2.53
0.367      8062.91    8058.11       2.54
0.365      8062.91    8058.11       2.52
0.366      8062.91    8058.11       3.21
0.367      8062.91    8058.11       2.64
0.360      8062.91    8058.11       2.52
0.363      8062.91    8058.11       2.54
0.365      8062.91    8058.11       2.54
0.369      8062.91    8058.11       2.52
0.390      8062.91    8058.11       2.53
0.362      8062.91    8058.11       2.53
0.368      8062.91    8058.11       2.54
0.364      8062.91    8058.11       2.54
0.365      8062.91    8058.11       2.55
0.380      8062.91    8058.11       2.63
0.365      8062.91    8058.11       2.55
0.362      8062.91    8058.11       2.52
0.374      8062.91    8058.11       2.55
0.375      8062.91    8058.11       2.52
0.367      8062.91    8058.11       2.52
0.381      8062.91    8058.11       2.55
0.372      8062.91    8058.11       2.52
0.366      8062.91    8058.11       2.76
0.364      8062.91    8058.11       2.52
0.367      8062.91    8058.11       2.55
0.368      8062.91    8058.11       2.52
0.377      8062.91    8058.11       2.54
0.397      8062.91    8058.11       2.52
0.404      8062.91    8058.11       2.53
0.401      8062.91    8058.11       2.54
0.401      8062.91    8058.11       2.54
0.377      8062.91    8058.11       2.54
0.376      8062.91    8058.11       2.52
0.362      8062.91    8058.11       2.55
0.373      8062.91    8058.11       2.63
0.369      8062.91    8058.11       2.55
0.362      8062.91    8058.11       2.52
0.363      8062.91    8058.11       2.52
0.367      8062.91    8058.11       2.55
0.375      8062.91    8058.11       2.53
0.374      8062.91    8058.11       2.76
0.360      8062.91    8058.11       2.53
0.371      8062.91    8058.11       2.55
0.395      8062.91    8058.11       2.52
0.378      8062.91    8058.11       2.64
0.367      8062.91    8058.11       2.52
0.371      8062.91    8058.11       2.53
0.367      8062.91    8058.11       2.55
0.368      8062.91    8058.11       2.52
0.370      8062.91    8058.11       2.54
0.364      8062.91    8058.11       2.52
0.373      8062.91    8058.11       2.55
0.366      8062.91    8058.11       2.52
0.365      8062.91    8058.11       2.55
0.362      8062.91    8058.11       2.53
0.373      8062.91    8058.11       2.63
0.365      8062.91    8058.11       2.54
0.367      8062.91    8058.11       2.52
0.366      8062.91    8058.11       3.20
0.364      8062.91    8058.11       2.55
0.366      8062.91    8058.11       2.53
0.363      8062.91    8058.11       2.55
0.373      8062.91    8058.11       2.55
0.365      8062.91    8058.11       2.52
0.366      8062.91    8058.11       2.53
0.372      8062.91    8058.11       2.63
0.368      8062.91    8058.11       2.55
0.360      8062.91    8058.11       2.53
0.365      8062.91    8058.11       2.55
0.359      8062.91    8058.11       2.52
0.371      8062.91    8058.11       2.55
0.373      8062.91    8058.11       2.52
0.362      8062.91    8058.11       2.55
0.369      8062.91    8058.11       2.52
0.364      8062.91    8058.11       2.52
0.396      8062.91    8058.11       2.63
0.368      8062.91    8058.11       2.52
0.393      8062.91    8058.11       2.76
0.368      8062.91    8058.11       2.52
0.371      8062.91    8058.11       2.55
0.362      8062.91    8058.11       2.52
0.370      8062.91    8058.11       2.54
0.384      8062.91    8058.11       2.52
0.365      8062.91    8058.11       2.52
0.395      8062.91    8058.11       2.55
0.368      8062.91    8058.11       2.63
0.357      8062.91    8058.11       2.55
0.368      8062.91    8058.11       2.53
0.363      8062.91    8058.11       2.54
0.359      8062.91    8058.11       2.52
0.365      8062.91    8058.11       2.54
0.369      8062.91    8058.11       2.53
0.369      8062.91    8058.11       2.52
0.369      8062.91    8058.11       2.55
0.362      8062.91    8058.11       2.53
0.366      8062.91    8058.11       2.94
0.364      8062.91    8058.11       2.64
0.404      8062.91    8058.11       2.54
0.382      8062.91    8058.11       2.54
0.398      8062.91    8058.11       2.55
0.399      8062.91    8058.11       2.53
0.397      8062.91    8058.11       2.52
0.397      8062.91    8058.11       2.55
0.403      8062.91    8058.11       2.52
0.403      8062.91    8058.11       2.55
0.363      8062.91    8058.11       2.62
0.368      8062.91    8058.11       2.55
0.407      8062.91    8058.11       2.52
0.400      8062.91    8058.11       2.55
0.394      8062.91    8058.11       2.52
0.402      8062.91    8058.11       2.52
0.403      8062.91    8058.11       2.55
0.371      8062.91    8058.11       2.99
0.399      8062.91    8058.11       2.55
0.374      8062.91    8058.11       2.53
0.369      8062.91    8058.11       2.64
0.366      8062.91    8058.11       2.53
0.366      8062.91    8058.11       2.63
0.369      8062.91    8058.11       2.63
0.369      8062.91    8058.11       2.52
0.397      8062.91    8058.11       2.55
0.390      8062.91    8058.11       2.62
0.402      8062.91    8058.11       2.54
0.394      8062.91    8058.11       2.54
0.403      8062.91    8058.11       2.53
0.362      8062.91    8058.11       2.55
0.369      8062.91    8058.11       2.52
0.404      8062.91    8058.11       2.53
0.369      8062.91    8058.11       2.54
0.377      8062.91    8058.11       2.54
0.362      8062.91    8058.11       3.14
0.370      8062.91    8058.11       2.55
0.377      8062.91    8058.11       2.54
0.371      8062.91    8058.11       2.52
0.361      8062.91    8058.11       2.54
0.378      8062.91    8058.11       2.62
0.358      8062.91    8058.11       2.52
0.355      8062.91    8058.11       2.52
0.364      8062.91    8058.11       2.55
0.370      8062.91    8058.11       2.54
0.363      8062.91    8058.11       2.55
0.377      8062.91    8058.11       2.52
0.365      8062.91    8058.11       2.55
0.377      8062.91    8058.11       2.52
0.364      8062.91    8058.11       2.55
0.367      8062.91    8058.11       2.63
0.358      8062.91    8058.11       2.52
0.367      8062.91    8058.11       2.54
0.370      8062.91    8058.11       2.52
0.364      8062.91    8058.11       2.76
0.372      8062.91    8058.11       2.55
0.386      8062.91    8058.11       2.55
0.366      8062.91    8058.11       2.53
0.370      8062.91    8058.11       2.55
0.375      8062.91    8058.11       2.53
0.361      8062.91    8058.11       2.63
0.373      8062.91    8058.11       2.55
0.371      8062.91    8058.11       2.52
0.369      8062.91    8058.11       2.55
0.364      8062.91    8058.11       2.55
0.386      8062.91    8058.11       2.55
0.374      8062.91    8058.11       2.52
0.373      8062.91    8058.11       2.54
0.367      8062.91    8058.11       2.52
0.396      8062.91    8058.11       2.52
0.371      8062.91    8058.11       2.64
0.369      8062.91    8058.11       2.52
0.365      8062.91    8058.11       3.20
0.373      8062.91    8058.11       2.54
0.362      8062.91    8058.11       2.55
0.366      8062.91    8058.11       2.53
0.373      8062.91    8058.11       2.55
0.366      8062.91    8058.11       2.52
0.362      8062.91    8058.11       2.52
0.372      8062.91    8058.11       2.53
0.366      8062.91    8058.11       2.63
0.358      8062.91    8058.11       2.54
0.362      8062.91    8058.11       2.54
0.368      8062.91    8058.11       2.52
0.367      8062.91    8058.11       2.55
0.374      8062.91    8058.11       2.52
0.380      8062.91    8058.11       2.55
0.370      8062.91    8058.11       2.52
0.375      8062.91    8058.11       2.52
0.366      8062.91    8058.11       2.54
0.363      8062.91    8058.11       2.63
0.361      8062.91    8058.11       2.77
0.375      8062.91    8058.11       2.54
0.359      8062.91    8058.11       2.55
0.362      8062.91    8058.11       2.53
0.369      8062.91    8058.11       2.55
0.368      8062.91    8058.11       2.52
0.363      8062.91    8058.11       2.52
0.368      8062.91    8058.11       2.55
0.370      8062.91    8058.11       2.53
0.366      8062.91    8058.11       2.55
0.362      8062.91    8058.11       2.61
0.364      8062.91    8058.11       2.55
0.374      8062.91    8058.11       2.52
0.379      8062.91    8058.11       2.54
0.382      8062.91    8058.11       2.64
0.366      8062.91    8058.11       2.52
0.364      8062.91    8058.11       2.52
0.362      8062.91    8058.11       2.54
0.369      8062.91    8058.11       2.93
0.359      8062.91    8058.11       2.55
0.395      8062.91    8058.11       2.59
0.368      8062.91    8058.11       2.55
0.397      8062.91    8058.11       2.53
0.364      8062.91    8058.11       2.55
0.373      8062.91    8058.11       2.52
0.367      8062.91    8058.11       2.52
0.365      8062.91    8058.11       2.55
0.361      8062.91    8058.11       2.55
0.359      8062.91    8058.11       2.55
0.368      8062.91    8058.11       2.52
0.363      8062.91    8058.11       2.55
0.355      8062.91    8058.11       2.52
0.381      8062.91    8058.11       2.54
0.388      8062.91    8058.11       2.53
0.373      8062.91    8058.11       2.53
0.366      8062.91    8058.11       2.55
0.365      8062.91    8058.11       2.53
0.362      8062.91    8058.11       2.76
0.373      8062.91    8058.11       2.53
0.371      8062.91    8058.11       2.55
0.364      8062.91    8058.11       2.53
0.369      8062.91    8058.11       2.55
0.374      8062.91    8058.11       2.52
0.361      8062.91    8058.11       2.53
0.414      8062.91    8058.11       2.55
0.382      8062.91    8058.11       2.52
0.365      8062.91    8058.11       2.64
0.384      8062.91    8058.11       2.54
0.378      8062.91    8058.11       2.55
0.361      8062.91    8058.11       2.52
0.363      8062.91    8058.11       2.55
0.369      8062.91    8058.11       2.52
0.366      8062.91    8058.11       2.52
0.359      8062.91    8058.11       2.55
0.367      8062.91    8058.11       2.55
0.379      8062.91    8058.11       3.15
0.369      8062.91    8058.11       2.55
0.367      8062.91    8058.11       2.55
0.365      8062.91    8058.11       2.52
0.365      8062.91    8058.11       2.53
0.365      8062.91    8058.11       2.54
0.364      8062.91    8058.11       2.52
0.383      8062.91    8058.11       2.52
0.370      8062.91    8058.11       2.54
0.368      8062.91    8058.11       2.55
0.367      8062.91    8058.11       2.55
0.368      8062.91    8058.11       2.53
0.369      8062.91    8058.11       2.62
0.358      8062.91    8058.11       2.52
0.366      8062.91    8058.11       2.55
0.371      8062.91    8058.11       2.52
0.364      8062.91    8058.11       2.52
0.395      8062.91    8058.11       2.55
0.370      8062.91    8058.11       2.52
0.369      8062.91    8058.11       2.76
0.391      8062.91    8058.11       2.52
0.367      8062.91    8058.11       2.55
0.368      8062.91    8058.11       2.50
0.368      8062.91    8058.11       2.55
0.371      8062.91    8058.11       2.53
0.367      8062.91    8058.11       2.53
0.365      8062.91    8058.11       2.54
0.366      8062.91    8058.11       2.52
0.368      8062.91    8058.11       2.55
0.389      8062.91    8058.11       2.53
0.369      8062.91    8058.11       2.54
0.368      8062.91    8058.11       2.52
0.374      8062.91    8058.11       2.55
0.363      8062.91    8058.11       2.52
0.370      8062.91    8058.11       2.53
0.367      8062.91    8058.11       2.54
0.365      8062.91    8058.11       2.53
0.368      8062.91    8058.11       3.20
0.360      8062.91    8058.11       2.54
0.361      8062.91    8058.11       2.55
0.377      8062.91    8058.11       2.52
0.380      8062.91    8058.11       2.54
0.362      8062.91    8058.11       2.55
0.370      8062.91    8058.11       2.53
0.369      8062.91    8058.11       2.62
0.357      8062.91    8058.11       2.54
0.361      8062.91    8058.11       2.54
0.388      8062.91    8058.11       2.54
0.374      8062.91    8058.11       2.52
0.363      8062.91    8058.11       2.55
0.370      8062.91    8058.11       2.53
0.375      8062.91    8058.11       2.55
0.366      8062.91    8058.11       2.52
0.368      8062.91    8058.11       2.52
0.364      8062.91    8058.11       2.63
0.360      8062.91    8058.11       2.52
0.388      8062.91    8058.11       2.76
0.384      8062.91    8058.11       2.52
0.367      8062.91    8058.11       2.55
0.371      8062.91    8058.11       2.52
0.363      8062.91    8058.11       2.54
0.376      8062.91    8058.11       2.52
0.376      8062.91    8058.11       2.52
0.378      8062.91    8058.11       2.54
0.368      8062.91    8058.11       2.63
0.366      8062.91    8058.11       2.54
0.362      8062.91    8058.11       2.52
0.360      8062.91    8058.11       2.55
0.369      8062.91    8058.11       2.52
0.363      8062.91    8058.11       2.54
0.364      8062.91    8058.11       2.52
0.368      8062.91    8058.11       2.52
0.365      8062.91    8058.11       2.55
0.370      8062.91    8058.11       2.53
0.374      8062.91    8058.11       3.15
0.364      8062.91    8058.11       2.55
0.369      8062.91    8058.11       2.64
0.371      8062.91    8058.11       2.53
0.373      8062.91    8058.11       2.52
0.374      8062.91    8058.11       2.55
0.369      8062.91    8058.11       2.52
0.362      8062.91    8058.11       2.52
0.363      8062.91    8058.11       2.55
0.372      8062.91    8058.11       2.55
0.370      8062.91    8058.11       2.55
0.365      8062.91    8058.11       2.60
0.370      8062.91    8058.11       2.55
0.370      8062.91    8058.11       2.52
0.361      8062.91    8058.11       2.54
0.370      8062.91    8058.11       2.52
0.363      8062.91    8058.11       2.52
0.365      8062.91    8058.11       2.54
0.367      8062.91    8058.11       2.52
0.370      8062.91    8058.11       2.76
0.369      8062.91    8058.11       2.52
0.366      8062.91    8058.11       2.62
0.358      8062.91    8058.11       2.53
0.364      8062.91    8058.11       2.55
0.363      8062.91    8058.11       2.52
0.363      8062.91    8058.11       2.53
0.366      8062.91    8058.11       2.55
0.361      8062.91    8058.11       2.53
0.371      8062.91    8058.11       2.54
0.377      8062.91    8058.11       2.54
0.360      8062.91    8058.11       2.55
0.370      8062.91    8058.11       2.63
0.361      8062.91    8058.11       2.52
0.371      8062.91    8058.11       2.54
0.361      8062.91    8058.11       2.52
0.372      8062.91    8058.11       2.52
0.368      8062.91    8058.11       2.55
0.375      8062.91    8058.11       2.93
0.368      8062.91    8058.11       2.55
0.394      8062.91    8058.11       2.55
0.365      8062.91    8058.11       2.53
0.356      8062.91    8058.11       2.63
0.363      8062.91    8058.11       2.55
0.362      8062.91    8058.11       2.52
0.358      8062.91    8058.11       2.53
0.360      8062.91    8058.11       2.55
0.358      8062.91    8058.11       2.52
0.366      8062.91    8058.11       2.54
0.363      8062.91    8058.11       2.52
0.361      8062.91    8058.11       2.54
0.367      8062.91    8058.11       2.52
0.372      8062.91    8058.11       2.55
0.379      8062.91    8058.11       2.62
0.398      8062.91    8058.11       2.53
0.369      8062.91    8058.11       2.55
0.374      8062.91    8058.11       2.52
0.402      8062.91    8058.11       3.14
0.396      8062.91    8058.11       2.52
0.363      8062.91    8058.11       2.54
0.368      8062.91    8058.11       2.52
0.399      8062.91    8058.11       2.54
0.361      8062.91    8058.11       2.53
0.390      8062.91    8058.11       2.53
0.363      8062.91    8058.11       2.55
0.395      8062.91    8058.11       2.52
0.411      8062.91    8058.11       2.54
0.359      8062.91    8058.11       2.52
0.380      8062.91    8058.11       2.55
0.365      8062.91    8058.11       2.53
0.363      8062.91    8058.11       2.53
0.363      8062.91    8058.11       2.52
0.360      8062.91    8058.11       2.62
0.357      8062.91    8058.11       2.55
0.365      8062.91    8058.11       2.53
0.364      8062.91    8058.11       3.20
0.367      8062.91    8058.11       2.55
0.366      8062.91    8058.11       2.55
0.362      8062.91    8058.11       2.52
0.385      8062.91    8058.11       2.63
0.362      8062.91    8058.11       2.52
0.395      8062.91    8058.11       2.52
0.374      8062.91    8058.11       2.55
0.361      8062.91    8058.11       2.53
0.396      8062.91    8058.11       2.55
0.369      8062.91    8058.11       2.54
0.362      8062.91    8058.11       2.55
0.380      8062.91    8058.11       2.52
0.384      8062.91    8058.11       2.52
0.373      8062.91    8058.11       2.52
0.372      8062.91    8058.11       2.52
0.379      8062.91    8058.11       2.55
0.373      8062.91    8058.11       2.63
0.368      8062.91    8058.11       2.93
0.360      8062.91    8058.11       2.54
0.398      8062.91    8058.11       2.55
0.362      8062.91    8058.11       2.52
0.381      8062.91    8058.11       2.53
0.370      8062.91    8058.11       2.52
0.360      8062.91    8058.11       2.52
0.370      8062.91    8058.11       2.52
0.365      8062.91    8058.11       2.55
0.359      8062.91    8058.11       2.53
0.372      8062.91    8058.11       2.55
0.358      8062.91    8058.11       2.53
0.364      8062.91    8058.11       2.55
0.365      8062.91    8058.11       2.52
0.365      8062.91    8058.11       2.52
0.364      8062.91    8058.11       2.52
0.360      8062.91    8058.11       2.52
0.396      8062.91    8058.11       2.55
0.367      8062.91    8058.11       2.53
0.364      8062.91    8058.11       3.14
0.401      8062.91    8058.11       2.53
0.366      8062.91    8058.11       2.54
0.369      8062.91    8058.11       2.52
0.369      8062.91    8058.11       2.52
0.372      8062.91    8058.11       2.52
0.367      8062.91    8058.11       2.52
0.365      8062.91    8058.11       2.55
0.368      8062.91    8058.11       2.53
0.371      8062.91    8058.11       2.55
0.368      8062.91    8058.11       2.52
0.371      8062.91    8058.11       2.55
0.373      8062.91    8058.11       2.63
0.372      8062.91    8058.11       2.52
0.362      8062.91    8058.11       2.53
0.370      8062.91    8058.11       2.52
0.356      8062.91    8058.11       2.52
0.370      8062.91    8058.11       2.54
0.398      8062.91    8058.11       2.98
0.399      8062.91    8058.11       2.54
0.398      8062.91    8058.11       2.54
0.396      8062.91    8058.11       2.53
0.364      8062.91    8058.11       2.63
0.364      8062.91    8058.11       2.53
0.368      8062.91    8058.11       2.62
0.360      8062.91    8058.11       2.63
0.365      8062.91    8058.11       2.53
0.364      8062.91    8058.11       2.52
0.364      8062.91    8058.11       2.61
0.364      8062.91    8058.11       2.54
0.363      8062.91    8058.11       2.53
0.365      8062.91    8058.11       2.53
0.366      8062.91    8058.11       2.63
0.364      8062.91    8058.11       2.52
0.364      8062.91    8058.11       2.52
0.362      8062.91    8058.11       2.54
0.365      8062.91    8058.11       2.53
0.366      8062.91    8058.11       2.76
0.366      8062.91    8058.11       2.53
0.365      8062.91    8058.11       2.54
0.367      8062.91    8058.11       2.53
0.365      8062.91    8058.11       2.53
0.369      8062.91    8058.11       2.52
0.363      8062.91    8058.11       2.63
0.362      8062.91    8058.11       2.54
0.367      8062.91    8058.11       2.52
0.361      8062.91    8058.11       2.53
0.365      8062.91    8058.11       2.54
0.360      8062.91    8058.11       2.54
0.368      8062.91    8058.11       2.53
0.364      8062.91    8058.11       2.52
0.363      8062.91    8058.11       2.52
0.367      8062.91    8058.11       2.52
0.397      8062.91    8058.11       2.63
0.361      8062.91    8058.11       2.54
0.366      8062.91    8058.11       2.91
0.363      8062.91    8058.11       2.55
0.364      8062.91    8058.11       2.52
0.364      8062.91    8058.11       2.54
0.395      8062.91    8058.11       2.52
0.361      8062.91    8058.11       2.53
0.364      8062.91    8058.11       2.53
0.363      8062.91    8058.11       2.52
0.362      8062.91    8058.11       2.62
0.373      8062.91    8058.11       2.52
0.360      8062.91    8058.11       2.54
0.364      8062.91    8058.11       2.53
0.363      8062.91    8058.11       2.55
0.359      8062.91    8058.11       2.52
0.363      8062.91    8058.11       2.52
0.359      8062.91    8058.11       2.52
0.366      8062.91    8058.11       2.52
0.364      8062.91    8058.11       2.54
0.366      8062.91    8058.11       2.53
0.365      8062.91    8058.11       3.07
0.361      8062.91    8058.11       2.55
0.366      8062.91    8058.11       2.52
0.358      8062.91    8058.11       2.55
0.364      8062.91    8058.11       2.53
0.357      8062.91    8058.11       2.52
0.361      8062.91    8058.11       2.52
0.364      8062.91    8058.11       2.52
0.363      8062.91    8058.11       2.54
0.364      8062.91    8058.11       2.52
0.367      8062.91    8058.11       2.55
0.367      8062.91    8058.11       2.60
0.365      8062.91    8058.11       2.55
0.367      8062.91    8058.11       2.52
0.362      8062.91    8058.11       2.52
0.365      8062.91    8058.11       2.52
0.363      8062.91    8058.11       2.52
0.364      8062.91    8058.11       2.55
0.361      8062.91    8058.11       2.53
0.362      8062.91    8058.11       3.12
0.362      8062.91    8058.11       2.55
0.363      8062.91    8058.11       2.62
0.360      8062.91    8058.11       2.55
0.362      8062.91    8058.11       2.53
0.366      8062.91    8058.11       2.52
0.361      8062.91    8058.11       2.52
0.369      8062.91    8058.11       2.52
0.379      8062.91    8058.11       2.54
0.367      8062.91    8058.11       2.52
0.375      8062.91    8058.11       2.54
0.362      8062.91    8058.11       2.52
0.363      8062.91    8058.11       2.55
0.367      8062.91    8058.11       2.53
0.369      8062.91    8058.11       2.52
0.403      8062.91    8058.11       2.52
0.402      8062.91    8058.11       2.53
0.402      8062.91    8058.11       2.62
0.359      8062.91    8058.11       2.91
0.366      8062.91    8058.11       2.55
0.365      8062.91    8058.11       2.52
0.362      8062.91    8058.11       2.55
0.368      8062.91    8058.11       2.52
0.363      8062.91    8058.11       2.52
0.361      8062.91    8058.11       2.53
0.365      8062.91    8058.11       2.53
0.362      8062.91    8058.11       2.54
0.363      8062.91    8058.11       2.53
0.366      8062.91    8058.11       2.54
0.364      8062.91    8058.11       2.52
0.367      8062.91    8058.11       2.54
0.366      8062.91    8058.11       2.52
0.366      8062.91    8058.11       2.63
0.366      8062.91    8058.11       2.53
0.365      8062.91    8058.11       2.52
0.366      8062.91    8058.11       2.54
0.369      8062.91    8058.11       2.53
0.367      8062.91    8058.11       2.97
0.371      8062.91    8058.11       2.54
0.364      8062.91    8058.11       2.52
0.365      8062.91    8058.11       2.55
0.379      8062.91    8058.11       2.53
0.380      8062.91    8058.11       2.52
0.364      8062.91    8058.11       2.52
0.372      8062.91    8058.11       2.53
0.379      8062.91    8058.11       2.55
0.361      8062.91    8058.11       2.53
0.366      8062.91    8058.11       2.64
0.359      8062.91    8058.11       2.52
0.363      8062.91    8058.11       2.55
0.379      8062.91    8058.11       2.53
0.372      8062.91    8058.11       2.53
0.370      8062.91    8058.11       2.53
0.373      8062.91    8058.11       2.52
0.368      8062.91    8058.11       2.54
0.382      8062.91    8058.11       2.52
0.374      8062.91    8058.11       2.77
0.366      8062.91    8058.11       2.53
0.368      8062.91    8058.11       2.54
0.362      8062.91    8058.11       2.53
0.361      8062.91    8058.11       2.53
0.361      8062.91    8058.11       2.52
0.358      8062.91    8058.11       2.53
0.367      8062.91    8058.11       2.64
0.358      8062.91    8058.11       2.52
0.365      8062.91    8058.11       2.53
0.361      8062.91    8058.11       2.54
0.369      8062.91    8058.11       2.52
0.359      8062.91    8058.11       2.55
0.365      8062.91    8058.11       2.52
0.364      8062.91    8058.11       2.53
0.363      8062.91    8058.11       2.52
0.359      8062.91    8058.11       2.52
0.370      8062.91    8058.11       2.55
0.364      8062.91    8058.11       2.60
0.361      8062.91    8058.11       2.76
0.377      8062.91    8058.11       2.52
0.370      8062.91    8058.11       2.55
0.375      8062.91    8058.11       2.53
0.364      8062.91    8058.11       2.52
0.394      8062.91    8058.11       2.52
0.366      8062.91    8058.11       2.52
0.366      8062.91    8058.11       2.54
0.362      8062.91    8058.11       2.53
0.365      8062.91    8058.11       2.62
0.360      8062.91    8058.11       2.53
0.367      8062.91    8058.11       2.55
0.367      8062.91    8058.11       2.52
0.361      8062.91    8058.11       2.53
0.365      8062.91    8058.11       2.52
0.398      8062.91    8058.11       2.52
0.362      8062.91    8058.11       2.55
0.398      8062.91    8058.11       2.52
0.372      8062.91    8058.11       3.21
0.368      8062.91    8058.11       2.61
0.372      8062.91    8058.11       2.55
0.364      8062.91    8058.11       2.52
0.365      8062.91    8058.11       2.52
0.368      8062.91    8058.11       2.52
0.364      8062.91    8058.11       2.52
0.368      8062.91    8058.11       2.53
0.363      8062.91    8058.11       2.54
0.368      8062.91    8058.11       2.53
0.368      8062.91    8058.11       2.55
0.367      8062.91    8058.11       2.63
0.394      8062.91    8058.11       2.55
0.369      8062.91    8058.11       2.53
0.362      8062.91    8058.11       2.52
0.365      8062.91    8058.11       2.53
0.359      8062.91    8058.11       2.52
0.368      8062.91    8058.11       2.55
0.361      8062.91    8058.11       2.53
0.367      8062.91    8058.11       2.76
0.363      8062.91    8058.11       2.53
0.381      8062.91    8058.11       2.63
0.380      8062.91    8058.11       2.52
0.363      8062.91    8058.11       2.52
0.372      8062.91    8058.11       2.53
0.373      8062.91    8058.11       2.52
0.363      8062.91    8058.11       2.55
0.365      8062.91    8058.11       2.52
0.371      8062.91    8058.11       2.55
0.361      8062.91    8058.11       2.52
0.364      8062.91    8058.11       2.54
0.380      8062.91    8058.11       2.63
0.367      8062.91    8058.11       2.52
0.364      8062.91    8058.11       2.52
0.370      8062.91    8058.11       2.52
0.386      8062.91    8058.11       2.54
0.378      8062.91    8058.11       2.52
0.358      8062.91    8058.11       3.12
0.361      8062.91    8058.11       2.54
0.368      8062.91    8058.11       2.52
0.372      8062.91    8058.11       2.55
0.366      8062.91    8058.11       2.52
0.366      8062.91    8058.11       2.60
0.375      8062.91    8058.11       2.53
0.364      8062.91    8058.11       2.52
0.370      8062.91    8058.11       2.54
0.371      8062.91    8058.11       2.52
0.362      8062.91    8058.11       2.54
0.369      8062.91    8058.11       2.52
0.361      8062.91    8058.11       2.55
0.373      8062.91    8058.11       2.52
0.365      8062.91    8058.11       2.53
0.367      8062.91    8058.11       2.61
0.368      8062.91    8058.11       2.52
0.362      8062.91    8058.11       2.55
0.363      8062.91    8058.11       2.52
0.366      8062.91    8058.11       2.77
0.368      8062.91    8058.11       2.63
0.361      8062.91    8058.11       2.55
0.366      8062.91    8058.11       2.52
0.367      8062.91    8058.11       2.52
0.365      8062.91    8058.11       2.53
0.360      8062.91    8058.11       2.52
0.364      8062.91    8058.11       2.54
0.361      8062.91    8058.11       2.52
0.363      8062.91    8058.11       2.52
0.365      8062.91    8058.11       2.55
0.360      8062.91    8058.11       2.52
0.366      8062.91    8058.11       2.54
0.364      8062.91    8058.11       2.52
0.367      8062.91    8058.11       2.52
0.365      8062.91    8058.11       2.53
0.361      8062.91    8058.11       2.53
0.369      8062.91    8058.11       2.63
0.359      8062.91    8058.11       2.53
0.366      8062.91    8058.11       2.76
0.364      8062.91    8058.11       2.52
0.368      8062.91    8058.11       2.55
0.362      8062.91    8058.11       2.53
0.359      8062.91    8058.11       2.52
0.364      8062.91    8058.11       2.53
0.361      8062.91    8058.11       2.52
0.364      8062.91    8058.11       2.55
0.363      8062.91    8058.11       2.53
0.366      8062.91    8058.11       2.54
0.364      8062.91    8058.11       2.54
0.361      8062.91    8058.11       2.54
0.364      8062.91    8058.11       2.54
0.362      8062.91    8058.11       2.53
0.366      8062.91    8058.11       2.53
0.363      8062.91    8058.11       2.52
0.369      8062.91    8058.11       2.52
0.369      8062.91    8058.11       2.55
0.366      8062.91    8058.11       2.53
0.369      8062.91    8058.11       2.83
0.361      8062.91    8058.11       2.53
0.361      8062.91    8058.11       2.55
0.366      8062.91    8058.11       2.52
0.362      8062.91    8058.11       2.52
0.364      8062.91    8058.11       2.52
0.368      8062.91    8058.11       2.53
0.377      8062.91    8058.11       2.55
0.364      8062.91    8058.11       2.52
0.367      8062.91    8058.11       2.55
0.366      8062.91    8058.11       2.63
0.369      8062.91    8058.11       2.55
0.365      8062.91    8058.11       2.52
0.363      8062.91    8058.11       2.52
0.369      8062.91    8058.11       2.52
0.400      8062.91    8058.11       2.52
0.363      8062.91    8058.11       2.55
0.361      8062.91    8058.11       2.52
0.363      8062.91    8058.11       2.97
0.366      8062.91    8058.11       2.55
0.362      8062.91    8058.11       2.53
0.384      8062.91    8058.11       2.61
0.368      8062.91    8058.11       2.52
0.378      8062.91    8058.11       2.52
0.362      8062.91    8058.11       2.53
0.366      8062.91    8058.11       2.52
0.365      8062.91    8058.11       2.54
0.363      8062.91    8058.11       2.53
0.369      8062.91    8058.11       2.54
0.363      8062.91    8058.11       2.52
0.364      8062.91    8058.11       2.55
0.368      8062.91    8058.11       2.63
0.362      8062.91    8058.11       2.52
0.360      8062.91    8058.11       2.52
0.365      8062.91    8058.11       2.52
0.361      8062.91    8058.11       2.55
0.360      8062.91    8058.11       2.53
0.364      8062.91    8058.11       3.14
0.363      8062.91    8058.11       2.52
0.369      8062.91    8058.11       2.54
0.358      8062.91    8058.11       2.52
0.400      8062.91    8058.11       2.63
0.364      8062.91    8058.11       2.52
0.364      8062.91    8058.11       2.52
0.364      8062.91    8058.11       2.54
0.365      8062.91    8058.11       2.53
0.362      8062.91    8058.11       2.52
0.368      8062.91    8058.11       2.55
0.365      8062.91    8058.11       2.53
0.372      8062.91    8058.11       2.55
0.363      8062.91    8058.11       2.52
0.380      8062.91    8058.11       2.52
0.370      8062.91    8058.11       2.52
0.361      8062.91    8058.11       2.53
0.367      8062.91    8058.11       2.55
0.368      8062.91    8058.11       2.52
0.367      8062.91    8058.11       2.76
0.364      8062.91    8058.11       2.53
0.378      8062.91    8058.11       2.55
0.367      8062.91    8058.11       2.52
0.360      8062.91    8058.11       2.52
0.365      8062.91    8058.11       2.52
0.367      8062.91    8058.11       2.53
0.365      8062.91    8058.11       2.62
0.362      8062.91    8058.11       2.52
0.366      8062.91    8058.11       2.55
0.365      8062.91    8058.11       2.52
0.367      8062.91    8058.11       2.55
0.359      8062.91    8058.11       2.53
0.365      8062.91    8058.11       2.53
0.360      8062.91    8058.11       2.52
0.360      8062.91    8058.11       2.52
0.363      8062.91    8058.11       2.54
0.366      8062.91    8058.11       2.53
0.377      8062.91    8058.11       3.07
0.366      8062.91    8058.11       2.55
0.368      8062.91    8058.11       2.53
0.362      8062.91    8058.11       2.55
0.363      8062.91    8058.11       2.52
0.361      8062.91    8058.11       2.52
0.367      8062.91    8058.11       2.52
0.364      8062.91    8058.11       2.63
0.366      8062.91    8058.11       2.63
0.378      8062.91    8058.11       2.63
0.367      8062.91    8058.11       2.55
0.372      8062.91    8058.11       2.60
0.360      8062.91    8058.11       2.55
0.367      8062.91    8058.11       2.52
0.366      8062.91    8058.11       2.53
0.365      8062.91    8058.11       2.52
0.365      8062.91    8058.11       2.52
0.368      8062.91    8058.11       2.55
0.367      8062.91    8058.11       2.53
0.364      8062.91    8058.11       3.14
0.363      8062.91    8058.11       2.55
0.369      8062.91    8058.11       2.63
0.369      8062.91    8058.11       2.52
0.395      8062.91    8058.11       2.52
0.366      8062.91    8058.11       2.52
0.366      8062.91    8058.11       2.52
0.368      8062.91    8058.11       2.55
0.366      8062.91    8058.11       2.52
0.364      8062.91    8058.11       2.52
0.369      8062.91    8058.11       2.54
0.365      8062.91    8058.11       2.53
0.366      8062.91    8058.11       2.62
0.363      8062.91    8058.11       2.52
0.364      8062.91    8058.11       2.52
0.377      8062.91    8058.11       2.53
0.365      8062.91    8058.11       2.52
0.365      8062.91    8058.11       2.54
0.382      8062.91    8058.11       2.52
0.365      8062.91    8058.11       2.76
0.367      8062.91    8058.11       2.52
0.371      8062.91    8058.11       2.54
0.363      8062.91    8058.11       2.53
0.368      8062.91    8058.11       2.59
0.364      8062.91    8058.11       2.52
0.364      8062.91    8058.11       2.52
0.374      8062.91    8058.11       2.55
0.366      8062.91    8058.11       2.52
0.373      8062.91    8058.11       2.54
0.365      8062.91    8058.11       2.55
0.388      8062.91    8058.11       2.55
0.368      8062.91    8058.11       2.52
0.359      8062.91    8058.11       2.53
0.370      8062.91    8058.11       2.63
0.360      8062.91    8058.11       2.53
0.395      8062.91    8058.11       2.55
0.394      8062.91    8058.11       2.52
0.364      8062.91    8058.11       3.18
0.369      8062.91    8058.11       2.54
0.376      8062.91    8058.11       2.55
0.362      8062.91    8058.11       2.52
0.381      8062.91    8058.11       2.53
0.367      8062.91    8058.11       2.53
0.366      8062.91    8058.11       2.53
0.408      8062.91    8058.11       2.55
0.376      8062.91    8058.11       2.52
0.367      8062.91    8058.11       2.53
0.363      8062.91    8058.11       2.55
0.368      8062.91    8058.11       2.55
0.366      8062.91    8058.11       2.52
0.364      8062.91    8058.11       2.53
0.361      8062.91    8058.11       2.52
0.363      8062.91    8058.11       2.53
0.362      8062.91    8058.11       2.53
0.363      8062.91    8058.11       2.55
0.363      8062.91    8058.11       2.53
0.367      8062.91    8058.11       2.76
0.360      8062.91    8058.11       2.53
0.363      8062.91    8058.11       2.62
0.366      8062.91    8058.11       2.52
0.395      8062.91    8058.11       2.52
0.364      8062.91    8058.11       2.53
0.367      8062.91    8058.11       2.52
0.366      8062.91    8058.11       2.54
0.368      8062.91    8058.11       2.52
0.361      8062.91    8058.11       2.54
0.360      8062.91    8058.11       2.53
0.363      8062.91    8058.11       2.55
0.362      8062.91    8058.11       2.63
0.366      8062.91    8058.11       2.52
0.360      8062.91    8058.11       2.52
0.363      8062.91    8058.11       2.53
0.363      8062.91    8058.11       2.55
0.362      8062.91    8058.11       2.52
0.361      8062.91    8058.11       2.91
0.379      8062.91    8058.11       2.55
0.362      8062.91    8058.11       2.53
0.372      8062.91    8058.11       2.53
0.364      8062.91    8058.11       2.53
0.363      8062.91    8058.11       2.52
0.362      8062.91    8058.11       2.52
0.369      8062.91    8058.11       2.53
0.361      8062.91    8058.11       2.54
0.363      8062.91    8058.11       2.53
0.371      8062.91    8058.11       2.55
0.368      8062.91    8058.11       2.53
0.403      8062.91    8058.11       2.55
0.369      8062.91    8058.11       2.52
0.400      8062.91    8058.11       2.53
0.371      8062.91    8058.11       2.63
0.366      8062.91    8058.11       2.53
0.366      8062.91    8058.11       2.54
0.369      8062.91    8058.11       2.58
0.366      8062.91    8058.11       2.74
0.364      8062.91    8058.11       2.55
0.380      8062.91    8058.11       2.55
0.370      8062.91    8058.11       2.52
0.367      8062.91    8058.11       2.52
0.368      8062.91    8058.11       2.53
0.367      8062.91    8058.11       2.63
0.361      8062.91    8058.11       2.55
0.365      8062.91    8058.11       2.53
0.367      8062.91    8058.11       2.53
0.362      8062.91    8058.11       2.55
0.364      8062.91    8058.11       2.55
0.368      8062.91    8058.11       2.54
0.369      8062.91    8058.11       2.52
0.364      8062.91    8058.11       2.52
0.363      8062.91    8058.11       2.53
0.367      8062.91    8058.11       2.52
0.384      8062.91    8058.11       2.55
0.365      8062.91    8058.11       2.90
0.368      8062.91    8058.11       2.54
0.371      8062.91    8058.11       2.53
0.364      8062.91    8058.11       2.55
0.371      8062.91    8058.11       2.52
0.368      8062.91    8058.11       2.52
0.370      8062.91    8058.11       2.52
0.382      8062.91    8058.11       2.52
0.373      8062.91    8058.11       2.55
0.361      8062.91    8058.11       2.61
0.363      8062.91    8058.11       2.55
0.365      8062.91    8058.11       2.52
0.366      8062.91    8058.11       2.54
0.368      8062.91    8058.11       2.53
0.366      8062.91    8058.11       2.52
0.364      8062.91    8058.11       2.52
0.367      8062.91    8058.11       2.52
0.366      8062.91    8058.11       2.55
0.365      8062.91    8058.11       2.53
0.376      8062.91    8058.11       3.21
0.359      8062.91    8058.11       2.55
0.383      8062.91    8058.11       2.54
0.363      8062.91    8058.11       2.53
0.366      8062.91    8058.11       2.52
0.370      8062.91    8058.11       2.52
0.367      8062.91    8058.11       2.52
0.365      8062.91    8058.11       2.54
0.372      8062.91    8058.11       2.51
0.368      8062.91    8058.11       2.53
0.374      8062.91    8058.11       2.62
0.388      8062.91    8058.11       2.52
0.368      8062.91    8058.11       2.55
0.360      8062.91    8058.11       2.53
0.369      8062.91    8058.11       2.52
0.366      8062.91    8058.11       2.53
0.362      8062.91    8058.11       2.53
0.367      8062.91    8058.11       2.54
0.364      8062.91    8058.11       2.59
0.381      8062.91    8058.11       2.76
0.365      8062.91    8058.11       2.53
0.365      8062.91    8058.11       2.61
0.374      8062.91    8058.11       2.53
0.362      8062.91    8058.11       2.52
0.376      8062.91    8058.11       2.52
0.369      8062.91    8058.11       2.52
0.365      8062.91    8058.11       2.55
0.367      8062.91    8058.11       2.53
0.366      8062.91    8058.11       2.53
0.367      8062.91    8058.11       2.54
0.364      8062.91    8058.11       2.54
0.368      8062.91    8058.11       2.52
0.361      8062.91    8058.11       2.52
0.365      8062.91    8058.11       2.52
0.369      8062.91    8058.11       2.52
0.363      8062.91    8058.11       2.55
0.368      8062.91    8058.11       2.52
0.367      8062.91    8058.11       2.91
0.370      8062.91    8058.11       2.55
0.378      8062.91    8058.11       2.54
0.366      8062.91    8058.11       2.55
0.363      8062.91    8058.11       2.62
0.364      8062.91    8058.11       2.52
0.368      8062.91    8058.11       2.52
0.365      8062.91    8058.11       2.52
0.365      8062.91    8058.11       2.54
0.379      8062.91    8058.11       2.53
0.375      8062.91    8058.11       2.55
0.366      8062.91    8058.11       2.52
0.369      8062.91    8058.11       2.55
0.367      8062.91    8058.11       2.52
0.366      8062.91    8058.11       2.62
0.368      8062.91    8058.11       2.53
0.363      8062.91    8058.11       2.53
0.365      8062.91    8058.11       2.54
0.388      8062.91    8058.11       2.52
0.371      8062.91    8058.11       2.74
0.368      8062.91    8058.11       2.54
0.368      8062.91    8058.11       2.55
0.367      8062.91    8058.11       2.53
0.362      8062.91    8058.11       2.52
0.363      8062.91    8058.11       2.63
0.368      8062.91    8058.11       2.53
0.369      8062.91    8058.11       2.55
0.375      8062.91    8058.11       2.52
0.364      8062.91    8058.11       2.52
0.363      8062.91    8058.11       2.55
0.367      8062.91    8058.11       2.55
0.378      8062.91    8058.11       2.53
0.377      8062.91    8058.11       2.53
0.368      8062.91    8058.11       2.52
0.370      8062.91    8058.11       2.63
0.359      8062.91    8058.11       2.54
0.364      8062.91    8058.11       2.55
0.366      8062.91    8058.11       2.96
0.369      8062.91    8058.11       2.54
0.366      8062.91    8058.11       2.52
0.363      8062.91    8058.11       2.54
0.367      8062.91    8058.11       2.52
0.376      8062.91    8058.11       2.52
0.362      8062.91    8058.11       2.52
0.363      8062.91    8058.11       2.53
0.365      8062.91    8058.11       2.62
0.366      8062.91    8058.11       2.52
0.365      8062.91    8058.11       2.52
0.366      8062.91    8058.11       2.54
0.372      8062.91    8058.11       2.55
0.364      8062.91    8058.11       2.52
0.376      8062.91    8058.11       2.51
0.358      8062.91    8058.11       2.52
0.371      8062.91    8058.11       2.52
0.380      8062.91    8058.11       2.55
0.367      8062.91    8058.11       2.63
0.372      8062.91    8058.11       3.23
0.366      8062.91    8058.11       2.54
0.368      8062.91    8058.11       2.54
0.374      8062.91    8058.11       2.52
0.371      8062.91    8058.11       2.52
0.363      8062.91    8058.11       2.52
0.367      8062.91    8058.11       2.52
0.367      8062.91    8058.11       2.55
0.369      8062.91    8058.11       2.53
0.363      8062.91    8058.11       2.62
0.369      8062.91    8058.11       2.54
0.364      8062.91    8058.11       2.53
0.368      8062.91    8058.11       2.55
0.391      8062.91    8058.11       2.52
0.367      8062.91    8058.11       2.52
0.372      8062.91    8058.11       2.52
0.358      8062.91    8058.11       2.53
0.365      8062.91    8058.11       2.55
0.374      8062.91    8058.11       2.52
0.362      8062.91    8058.11       2.85
0.364      8062.91    8058.11       2.52
0.364      8062.91    8058.11       2.55
0.368      8062.91    8058.11       2.53
0.361      8062.91    8058.11       2.52
0.375      8062.91    8058.11       2.52
0.371      8062.91    8058.11       2.52
0.358      8062.91    8058.11       2.54
0.372      8062.91    8058.11       2.53
0.366      8062.91    8058.11       2.53
0.362      8062.91    8058.11       2.55
0.370      8062.91    8058.11       2.55
0.361      8062.91    8058.11       2.52
0.362      8062.91    8058.11       2.53
0.369      8062.91    8058.11       2.52
0.365      8062.91    8058.11       2.52
0.366      8062.91    8058.11       2.54
0.364      8062.91    8058.11       2.52
0.364      8062.91    8058.11       2.96
0.363      8062.91    8058.11       2.55
0.370      8062.91    8058.11       2.53
0.366      8062.91    8058.11       2.64
0.368      8062.91    8058.11       2.52
0.363      8062.91    8058.11       2.52
0.366      8062.91    8058.11       2.52
0.365      8062.91    8058.11       2.53
0.366      8062.91    8058.11       2.55
0.370      8062.91    8058.11       2.52
0.368      8062.91    8058.11       2.55
0.370      8062.91    8058.11       2.52
0.372      8062.91    8058.11       2.55
0.370      8062.91    8058.11       2.61
0.363      8062.91    8058.11       2.52
0.364      8062.91    8058.11       2.52
0.370      8062.91    8058.11       2.52
0.363      8062.91    8058.11       2.55
0.399      8062.91    8058.11       2.52
0.363      8062.91    8058.11       3.11
0.362      8062.91    8058.11       2.55
0.382      8062.91    8058.11       2.54
0.372      8062.91    8058.11       2.52
0.360      8062.91    8058.11       2.63
0.365      8062.91    8058.11       2.53
0.360      8062.91    8058.11       2.52
0.369      8062.91    8058.11       2.55
0.363      8062.91    8058.11       2.53
0.364      8062.91    8058.11       2.53
0.362      8062.91    8058.11       2.54
0.368      8062.91    8058.11       2.53
0.359      8062.91    8058.11       2.54
0.369      8062.91    8058.11       2.52
0.364      8062.91    8058.11       2.53
0.378      8062.91    8058.11       2.59
0.369      8062.91    8058.11       2.52
0.368      8062.91    8058.11       2.55
0.363      8062.91    8058.11       2.52
0.362      8062.91    8058.11       2.76
0.365      8062.91    8058.11       2.53
0.363      8062.91    8058.11       2.55
0.364      8062.91    8058.11       2.52
0.368      8062.91    8058.11       2.52
0.368      8062.91    8058.11       2.53
0.360      8062.91    8058.11       2.62
0.365      8062.91    8058.11       2.54
0.362      8062.91    8058.11       2.52
0.366      8062.91    8058.11       2.52
0.368      8062.91    8058.11       2.55
0.361      8062.91    8058.11       2.54
0.363      8062.91    8058.11       2.55
0.363      8062.91    8058.11       2.52
0.364      8062.91    8058.11       2.53
0.365      8062.91    8058.11       2.53
0.361      8062.91    8058.11       2.63
0.363      8062.91    8058.11       2.55
0.365      8062.91    8058.11       2.96
0.360      8062.91    8058.11       2.55
0.364      8062.91    8058.11       2.52
0.363      8062.91    8058.11       2.54
0.362      8062.91    8058.11       2.52
0.371      8062.91    8058.11       2.53
0.369      8062.91    8058.11       2.52
0.366      8062.91    8058.11       2.52
0.371      8062.91    8058.11       2.55
0.364      8062.91    8058.11       2.63
0.365      8062.91    8058.11       2.63
0.367      8062.91    8058.11       2.62
0.364      8062.91    8058.11       2.62
0.363      8062.91    8058.11       2.52
0.359      8062.91    8058.11       2.52
0.364      8062.91    8058.11       2.53
0.358      8062.91    8058.11       2.52
0.365      8062.91    8058.11       2.55
0.365      8062.91    8058.11       2.53
0.369      8062.91    8058.11       3.01
0.367      8062.91    8058.11       2.54
0.360      8062.91    8058.11       2.52
0.363      8062.91    8058.11       2.54
0.363      8062.91    8058.11       2.52
0.368      8062.91    8058.11       2.53
0.364      8062.91    8058.11       2.54
0.366      8062.91    8058.11       2.52
0.366      8062.91    8058.11       2.54
0.363      8062.91    8058.11       2.52
0.366      8062.91    8058.11       2.55
0.364      8062.91    8058.11       2.59
0.361      8062.91    8058.11       2.55
0.364      8062.91    8058.11       2.52
0.359      8062.91    8058.11       2.53
0.362      8062.91    8058.11       2.53
0.360      8062.91    8058.11       2.52
0.366      8062.91    8058.11       2.54
0.364      8062.91    8058.11       2.52
0.371      8062.91    8058.11       2.91
0.366      8062.91    8058.11       2.55
0.361      8062.91    8058.11       2.63
0.361      8062.91    8058.11       2.55
0.369      8062.91    8058.11       2.52
0.365      8062.91    8058.11       2.52
0.372      8062.91    8058.11       2.53
0.363      8062.91    8058.11       2.52
0.370      8062.91    8058.11       2.54
0.380      8062.91    8058.11       2.52
0.367      8062.91    8058.11       2.54
0.366      8062.91    8058.11       2.53
0.364      8062.91    8058.11       2.55
0.372      8062.91    8058.11       2.52
0.362      8062.91    8058.11       2.53
0.364      8062.91    8058.11       2.52
0.374      8062.91    8058.11       2.52
0.380      8062.91    8058.11       2.55
0.383      8062.91    8058.11       2.59
0.362      8062.91    8058.11       2.75
0.367      8062.91    8058.11       2.54
0.367      8062.91    8058.11       2.55
0.382      8062.91    8058.11       2.53
0.363      8062.91    8058.11       2.52
0.378      8062.91    8058.11       2.53
0.369      8062.91    8058.11       2.52
0.359      8062.91    8058.11       2.55
0.363      8062.91    8058.11       2.53
0.364      8062.91    8058.11       2.52
0.360      8062.91    8058.11       2.54
0.367      8062.91    8058.11       2.54
0.361      8062.91    8058.11       2.52
0.362      8062.91    8058.11       2.53
0.363      8062.91    8058.11       2.62
0.366      8062.91    8058.11       2.53
0.370      8062.91    8058.11       2.54
0.366      8062.91    8058.11       2.52
0.366      8062.91    8058.11       2.91
0.375      8062.91    8058.11       2.55
0.372      8062.91    8058.11       2.53
0.376      8062.91    8058.11       2.55
0.368      8062.91    8058.11       2.52
0.372      8062.91    8058.11       2.53
0.362      8062.91    8058.11       2.63
0.373      8062.91    8058.11       2.52
0.367      8062.91    8058.11       2.54
0.367      8062.91    8058.11       2.52
0.366      8062.91    8058.11       2.55
0.364      8062.91    8058.11       2.52
0.361      8062.91    8058.11       2.55
0.369      8062.91    8058.11       2.52
0.370      8062.91    8058.11       2.52
0.369      8062.91    8058.11       2.53
0.368      8062.91    8058.11       2.61
0.361      8062.91    8058.11       2.55
0.381      8062.91    8058.11       2.53
0.362      8062.91    8058.11       3.12
0.364      8062.91    8058.11       2.55
0.367      8062.91    8058.11       2.55
0.383      8062.91    8058.11       2.53
0.364      8062.91    8058.11       2.52
0.366      8062.91    8058.11       2.52
0.369      8062.91    8058.11       2.52
0.367      8062.91    8058.11       2.64
0.365      8062.91    8058.11       2.53
0.362      8062.91    8058.11       2.52
0.368      8062.91    8058.11       2.55
0.363      8062.91    8058.11       2.52
0.378      8062.91    8058.11       2.55
0.365      8062.91    8058.11       2.52
0.373      8062.91    8058.11       2.53
0.370      8062.91    8058.11       2.52
0.367      8062.91    8058.11       2.53
0.373      8062.91    8058.11       2.55
0.369      8062.91    8058.11       2.65
0.374      8062.91    8058.11       2.77
0.366      8062.91    8058.11       2.53
0.370      8062.91    8058.11       2.55
0.369      8062.91    8058.11       2.53
0.378      8062.91    8058.11       2.52
0.370      8062.91    8058.11       2.53
0.362      8062.91    8058.11       2.52
0.361      8062.91    8058.11       2.55
0.370      8062.91    8058.11       2.53
0.378      8062.91    8058.11       2.62
0.374      8062.91    8058.11       2.55
0.371      8062.91    8058.11       2.54
0.363      8062.91    8058.11       2.52
0.364      8062.91    8058.11       2.52
0.376      8062.91    8058.11       2.53
0.367      8062.91    8058.11       2.52
0.385      8062.91    8058.11       2.54
0.368      8062.91    8058.11       2.52
0.371      8062.91    8058.11       3.13
0.365      8062.91    8058.11       2.64
0.380      8062.91    8058.11       2.54
0.371      8062.91    8058.11       2.53
0.364      8062.91    8058.11       2.52
0.367      8062.91    8058.11       2.52
0.366      8062.91    8058.11       2.52
0.378      8062.91    8058.11       2.55
0.405      8062.91    8058.11       2.52
0.374      8062.91    8058.11       2.52
0.363      8062.91    8058.11       2.55
0.368      8062.91    8058.11       2.63
0.362      8062.91    8058.11       2.64
0.365      8062.91    8058.11       2.52
0.384      8062.91    8058.11       2.53
0.363      8062.91    8058.11       2.52
0.365      8062.91    8058.11       2.55
0.378      8062.91    8058.11       2.52
0.364      8062.91    8058.11       2.91
0.403      8062.91    8058.11       2.55
0.365      8062.91    8058.11       2.52
0.385      8062.91    8058.11       2.63
0.381      8062.91    8058.11       2.52
0.365      8062.91    8058.11       2.53
0.374      8062.91    8058.11       2.52
0.370      8062.91    8058.11       2.55
0.368      8062.91    8058.11       2.52
0.369      8062.91    8058.11       2.52
0.364      8062.91    8058.11       2.54
0.392      8062.91    8058.11       2.53
0.369      8062.91    8058.11       2.54
0.361      8062.91    8058.11       2.63
0.370      8062.91    8058.11       2.52
0.359      8062.91    8058.11       2.52
0.367      8062.91    8058.11       2.52
0.365      8062.91    8058.11       2.55
0.375      8062.91    8058.11       2.59
0.366      8062.91    8058.11       2.74
0.367      8062.91    8058.11       2.55
0.369      8062.91    8058.11       2.54
0.366      8062.91    8058.11       2.52
0.364      8062.91    8058.11       2.53
0.361      8062.91    8058.11       2.59
0.358      8062.91    8058.11       2.53
0.364      8062.91    8058.11       2.55
0.390      8062.91    8058.11       2.52
0.364      8062.91    8058.11       2.53
0.376      8062.91    8058.11       2.54
0.362      8062.91    8058.11       2.55
0.359      8062.91    8058.11       2.53
0.364      8062.91    8058.11       2.52
0.375      8062.91    8058.11       2.53
0.357      8062.91    8058.11       2.63
0.360      8062.91    8058.11       2.54
0.366      8062.91    8058.11       2.53
0.364      8062.91    8058.11       2.91
0.395      8062.91    8058.11       2.54
0.361      8062.91    8058.11       2.52
0.398      8062.91    8058.11       2.55
0.366      8062.91    8058.11       2.52
0.393      8062.91    8058.11       2.52
0.369      8062.91    8058.11       2.53
0.357      8062.91    8058.11       2.62
0.377      8062.91    8058.11       2.52
0.363      8062.91    8058.11       2.52
0.371      8062.91    8058.11       2.54
0.366      8062.91    8058.11       2.53
0.365      8062.91    8058.11       2.55
0.378      8062.91    8058.11       2.52
0.358      8062.91    8058.11       2.53
0.372      8062.91    8058.11       2.53
0.367      8062.91    8058.11       2.53
0.362      8062.91    8058.11       2.64
0.366      8062.91    8058.11       2.52
0.364      8062.91    8058.11       3.12
0.367      8062.91    8058.11       2.54
0.368      8062.91    8058.11       2.54
0.374      8062.91    8058.11       2.52
0.351      8062.91    8058.11       2.53
0.356      8062.91    8058.11       2.52
0.360      8062.91    8058.11       2.52
0.398      8062.91    8058.11       2.55
0.362      8062.91    8058.11       2.61
0.364      8062.91    8058.11       2.52
0.366      8062.91    8058.11       2.55
0.364      8062.91    8058.11       2.52
0.375      8062.91    8058.11       2.54
0.365      8062.91    8058.11       2.53
0.378      8062.91    8058.11       2.53
0.369      8062.91    8058.11       2.52
0.369      8062.91    8058.11       2.54
0.368      8062.91    8058.11       2.52
0.373      8062.91    8058.11       2.97
0.378      8062.91    8058.11       2.55
0.369      8062.91    8058.11       2.52
0.377      8062.91    8058.11       2.55
0.379      8062.91    8058.11       2.53
0.391      8062.91    8058.11       2.52
0.362      8062.91    8058.11       2.52
0.366      8062.91    8058.11       2.54
0.364      8062.91    8058.11       2.52
0.366      8062.91    8058.11       2.53
0.375      8062.91    8058.11       2.53
0.362      8062.91    8058.11       2.54
0.378      8062.91    8058.11       2.54
0.370      8062.91    8058.11       2.52
0.369      8062.91    8058.11       2.53
0.408      8062.91    8058.11       2.52
0.364      8062.91    8058.11       2.53
0.361      8062.91    8058.11       2.55
0.373      8062.91    8058.11       2.52
0.364      8062.91    8058.11       2.73
0.361      8062.91    8058.11       2.54
0.365      8062.91    8058.11       2.54
0.372      8062.91    8058.11       2.52
0.363      8062.91    8058.11       2.52
0.367      8062.91    8058.11       2.53
0.366      8062.91    8058.11       2.52
0.362      8062.91    8058.11       2.54
0.365      8062.91    8058.11       2.53
0.362      8062.91    8058.11       2.53
0.365      8062.91    8058.11       2.54
0.365      8062.91    8058.11       2.55
0.371      8062.91    8058.11       2.63
0.359      8062.91    8058.11       2.52
0.364      8062.91    8058.11       2.52
0.371      8062.91    8058.11       2.53
0.357      8062.91    8058.11       2.55
0.370      8062.91    8058.11       2.52
0.363      8062.91    8058.11       2.52
0.368      8062.91    8058.11       2.74
0.367      8062.91    8058.11       2.54
0.372      8062.91    8058.11       2.55
0.368      8062.91    8058.11       2.63
0.363      8062.91    8058.11       2.52
0.365      8062.91    8058.11       2.52
0.364      8062.91    8058.11       2.53
0.363      8062.91    8058.11       2.54
0.365      8062.91    8058.11       2.53
0.365      8062.91    8058.11       2.52
0.372      8062.91    8058.11       2.53
0.363      8062.91    8058.11       2.55
0.361      8062.91    8058.11       2.53
0.366      8062.91    8058.11       2.54
0.365      8062.91    8058.11       2.52
0.388      8062.91    8058.11       2.52
0.358      8062.91    8058.11       2.55
0.372      8062.91    8058.11       2.53
0.363      8062.91    8058.11       3.12
0.393      8062.91    8058.11       2.54
0.361      8062.91    8058.11       2.53
0.374      8062.91    8058.11       2.55
0.367      8062.91    8058.11       2.52
0.403      8062.91    8058.11       2.53
0.358      8062.91    8058.11       2.53
0.364      8062.91    8058.11       2.54
0.374      8062.91    8058.11       2.52
0.368      8062.91    8058.11       2.53
0.364      8062.91    8058.11       2.54
0.362      8062.91    8058.11       2.52
0.367      8062.91    8058.11       2.55
0.366      8062.91    8058.11       2.52
0.364      8062.91    8058.11       2.52
0.358      8062.91    8058.11       2.53
0.362      8062.91    8058.11       2.63
0.363      8062.91    8058.11       2.54
0.362      8062.91    8058.11       2.52
0.359      8062.91    8058.11       2.74
0.360      8062.91    8058.11       2.54
0.359      8062.91    8058.11       2.55
0.360      8062.91    8058.11       2.52
0.362      8062.91    8058.11       2.52
0.361      8062.91    8058.11       2.53
0.365      8062.91    8058.11       2.52
0.360      8062.91    8058.11       2.64
0.367      8062.91    8058.11       2.52
0.357      8062.91    8058.11       2.52
0.368      8062.91    8058.11       2.52
0.364      8062.91    8058.11       2.54
0.367      8062.91    8058.11       2.55
0.369      8062.91    8058.11       2.52
0.364      8062.91    8058.11       2.52
0.365      8062.91    8058.11       2.52
0.361      8062.91    8058.11       2.53
0.363      8062.91    8058.11       2.55
0.363      8062.91    8058.11       2.60
0.365      8062.91    8058.11       2.74
0.363      8062.91    8058.11       2.54
0.368      8062.91    8058.11       2.54
0.365      8062.91    8058.11       2.53
0.360      8062.91    8058.11       2.52
0.365      8062.91    8058.11       2.52
0.359      8062.91    8058.11       2.52
0.364      8062.91    8058.11       2.55
0.357      8062.91    8058.11       2.53
0.366      8062.91    8058.11       2.63
0.368      8062.91    8058.11       2.54
0.364      8062.91    8058.11       2.52
0.373      8062.91    8058.11       2.55
0.368      8062.91    8058.11       2.52
0.375      8062.91    8058.11       2.52
0.366      8062.91    8058.11       2.52
0.368      8062.91    8058.11       2.53
0.368      8062.91    8058.11       2.55
0.364      8062.91    8058.11       2.58
0.365      8062.91    8058.11       2.74
0.365      8062.91    8058.11       2.62
0.368      8062.91    8058.11       2.55
0.367      8062.91    8058.11       2.52
0.365      8062.91    8058.11       2.52
0.365      8062.91    8058.11       2.52
0.366      8062.91    8058.11       2.53
0.379      8062.91    8058.11       2.55
0.368      8062.91    8058.11       2.53
0.362      8062.91    8058.11       2.53
0.378      8062.91    8058.11       2.64
0.365      8062.91    8058.11       2.63
0.360      8062.91    8058.11       2.61
0.368      8062.91    8058.11       2.52
0.378      8062.91    8058.11       2.52
0.361      8062.91    8058.11       2.52
0.358      8062.91    8058.11       2.55
0.371      8062.91    8058.11       2.53
0.371      8062.91    8058.11       2.91
0.360      8062.91    8058.11       2.55
0.368      8062.91    8058.11       2.52
0.366      8062.91    8058.11       2.55
0.364      8062.91    8058.11       2.53
0.374      8062.91    8058.11       2.60
0.364      8062.91    8058.11       2.53
0.364      8062.91    8058.11       2.52
0.363      8062.91    8058.11       2.55
0.366      8062.91    8058.11       2.53
0.363      8062.91    8058.11       2.52
0.363      8062.91    8058.11       2.54
0.360      8062.91    8058.11       2.55
0.365      8062.91    8058.11       2.53
0.369      8062.91    8058.11       2.53
0.374      8062.91    8058.11       2.63
0.362      8062.91    8058.11       2.52
0.365      8062.91    8058.11       2.55
0.365      8062.91    8058.11       2.52
0.366      8062.91    8058.11       3.12
0.369      8062.91    8058.11       2.54
0.360      8062.91    8058.11       2.53
0.374      8062.91    8058.11       2.55
0.371      8062.91    8058.11       2.52
0.367      8062.91    8058.11       2.63
0.368      8062.91    8058.11       2.63
0.376      8062.91    8058.11       2.54
0.362      8062.91    8058.11       2.52
0.365      8062.91    8058.11       2.53
0.385      8062.91    8058.11       2.55
0.362      8062.91    8058.11       2.53
0.365      8062.91    8058.11       2.54
0.360      8062.91    8058.11       2.53
0.364      8062.91    8058.11       2.53
0.359      8062.91    8058.11       2.52
0.362      8062.91    8058.11       2.53
0.368      8062.91    8058.11       2.63
0.366      8062.91    8058.11       2.58
0.383      8062.91    8058.11       2.74
0.381      8062.91    8058.11       2.55
0.360      8062.91    8058.11       2.55
0.364      8062.91    8058.11       2.63
0.363      8062.91    8058.11       2.53
0.362      8062.91    8058.11       2.52
0.356      8062.91    8058.11       2.53
0.385      8062.91    8058.11       2.54
0.376      8062.91    8058.11       2.63
0.363      8062.91    8058.11       2.53
0.357      8062.91    8058.11       2.55
0.363      8062.91    8058.11       2.53
0.362      8062.91    8058.11       2.54
0.360      8062.91    8058.11       2.52
0.362      8062.91    8058.11       2.52
0.360      8062.91    8058.11       2.52
0.362      8062.91    8058.11       2.54
0.364      8062.91    8058.11       2.54
0.363      8062.91    8058.11       2.91
0.366      8062.91    8058.11       2.60
0.367      8062.91    8058.11       2.55
0.360      8062.91    8058.11       2.55
0.366      8062.91    8058.11       2.52
0.361      8062.91    8058.11       2.53
0.360      8062.91    8058.11       2.53
0.361      8062.91    8058.11       2.53
0.364      8062.91    8058.11       2.54
0.363      8062.91    8058.11       2.52
0.383      8062.91    8058.11       2.53
0.364      8062.91    8058.11       2.64
0.367      8062.91    8058.11       2.54
0.366      8062.91    8058.11       2.52
0.367      8062.91    8058.11       2.53
0.364      8062.91    8058.11       2.53
0.364      8062.91    8058.11       2.53
0.368      8062.91    8058.11       2.54
0.371      8062.91    8058.11       2.52
0.374      8062.91    8058.11       3.12
0.360      8062.91    8058.11       2.55
0.365      8062.91    8058.11       2.63
0.370      8062.91    8058.11       2.54
0.365      8062.91    8058.11       2.52
0.366      8062.91    8058.11       2.52
0.369      8062.91    8058.11       2.53
0.363      8062.91    8058.11       2.52
0.381      8062.91    8058.11       2.54
0.361      8062.91    8058.11       2.52
0.367      8062.91    8058.11       2.52
0.368      8062.91    8058.11       2.54
0.359      8062.91    8058.11       2.55
0.375      8062.91    8058.11       2.61
0.365      8062.91    8058.11       2.52
0.363      8062.91    8058.11       2.52
0.361      8062.91    8058.11       2.53
0.366      8062.91    8058.11       2.54
0.393      8062.91    8058.11       2.58
0.372      8062.91    8058.11       2.74
0.364      8062.91    8058.11       2.55
0.363      8062.91    8058.11       2.55
0.364      8062.91    8058.11       2.53
0.354      8062.91    8058.11       2.62
0.366      8062.91    8058.11       2.53
0.362      8062.91    8058.11       2.52
0.370      8062.91    8058.11       2.55
0.361      8062.91    8058.11       2.52
0.364      8062.91    8058.11       2.52
0.381      8062.91    8058.11       2.54
0.361      8062.91    8058.11       2.54
0.362      8062.91    8058.11       2.55
0.371      8062.91    8058.11       2.52
0.363      8062.91    8058.11       2.62
0.369      8062.91    8058.11       2.52
0.361      8062.91    8058.11       2.52
0.364      8062.91    8058.11       2.55
0.365      8062.91    8058.11       2.53
0.360      8062.91    8058.11       2.74
0.370      8062.91    8058.11       2.55
0.365      8062.91    8058.11       2.55
0.417      8062.91    8058.11       2.52
0.371      8062.91    8058.11       2.52
0.370      8062.91    8058.11       2.63
0.367      8062.91    8058.11       2.52
0.392      8062.91    8058.11       2.54
0.370      8062.91    8058.11       2.53
0.366      8062.91    8058.11       2.52
0.394      8062.91    8058.11       2.54
0.369      8062.91    8058.11       2.54
0.361      8062.91    8058.11       2.52
0.364      8062.91    8058.11       2.53
0.395      8062.91    8058.11       2.52
0.369      8062.91    8058.11       2.52
0.370      8062.91    8058.11       2.55
0.371      8062.91    8058.11       2.52
0.367      8062.91    8058.11       2.74
0.373      8062.91    8058.11       2.54
0.367      8062.91    8058.11       2.55
0.358      8062.91    8058.11       2.52
0.363      8062.91    8058.11       2.53
0.360      8062.91    8058.11       2.53
0.365      8062.91    8058.11       2.53
0.362      8062.91    8058.11       2.55
0.364      8062.91    8058.11       2.62
0.359      8062.91    8058.11       2.53
0.374      8062.91    8058.11       2.55
0.364      8062.91    8058.11       2.63
0.367      8062.91    8058.11       2.54
0.364      8062.91    8058.11       2.52
0.373      8062.91    8058.11       2.53
0.362      8062.91    8058.11       2.53
0.360      8062.91    8058.11       2.52
0.359      8062.91    8058.11       2.54
0.362      8062.91    8058.11       2.69
0.381      8062.91    8058.11       2.73
0.358      8062.91    8058.11       2.54
0.362      8062.91    8058.11       2.55
0.367      8062.91    8058.11       2.53
0.362      8062.91    8058.11       2.53
0.364      8062.91    8058.11       2.52
0.384      8062.91    8058.11       2.52
0.382      8062.91    8058.11       2.55
0.366      8062.91    8058.11       2.52
0.366      8062.91    8058.11       2.53
0.367      8062.91    8058.11       2.61
0.375      8062.91    8058.11       2.53
0.367      8062.91    8058.11       2.55
0.361      8062.91    8058.11       2.52
0.379      8062.91    8058.11       2.53
0.367      8062.91    8058.11       2.52
0.364      8062.91    8058.11       2.54
0.393      8062.91    8058.11       2.53
0.368      8062.91    8058.11       3.12
0.365      8062.91    8058.11       2.55
0.364      8062.91    8058.11       2.63
0.365      8062.91    8058.11       2.54
0.364      8062.91    8058.11       2.52
0.365      8062.91    8058.11       2.53
0.363      8062.91    8058.11       2.52
0.358      8062.91    8058.11       2.54
0.383      8062.91    8058.11       2.55
0.361      8062.91    8058.11       2.52
0.373      8062.91    8058.11       2.53
0.357      8062.91    8058.11       2.55
0.366      8062.91    8058.11       2.63
0.368      8062.91    8058.11       2.52
0.372      8062.91    8058.11       2.53
0.378      8062.91    8058.11       2.52
0.366      8062.91    8058.11       2.52
0.366      8062.91    8058.11       2.55
0.364      8062.91    8058.11       2.52
0.366      8062.91    8058.11       2.74
0.369      8062.91    8058.11       2.55
0.355      8062.91    8058.11       2.52
0.365      8062.91    8058.11       2.56
0.366      8062.91    8058.11       2.59
0.362      8062.91    8058.11       2.52
0.368      8062.91    8058.11       2.53
0.361      8062.91    8058.11       2.55
0.371      8062.91    8058.11       2.52
0.364      8062.91    8058.11       2.53
0.359      8062.91    8058.11       2.54
0.367      8062.91    8058.11       2.53
0.362      8062.91    8058.11       2.54
0.365      8062.91    8058.11       2.52
0.393      8062.91    8058.11       2.52
0.362      8062.91    8058.11       2.53
0.367      8062.91    8058.11       2.55
0.366      8062.91    8058.11       2.52
0.365      8062.91    8058.11       2.91
0.361      8062.91    8058.11       2.52
0.374      8062.91    8058.11       2.63
0.370      8062.91    8058.11       2.54
0.360      8062.91    8058.11       2.63
0.372      8062.91    8058.11       2.61
0.361      8062.91    8058.11       2.61
0.380      8062.91    8058.11       2.60
0.375      8062.91    8058.11       2.62
0.371      8062.91    8058.11       2.60
0.366      8062.91    8058.11       2.61
0.406      8062.91    8058.11       2.64
0.380      8062.91    8058.11       2.55
0.366      8062.91    8058.11       2.53
0.399      8062.91    8058.11       2.52
0.367      8062.91    8058.11       2.53
0.407      8062.91    8058.11       2.53
0.361      8062.91    8058.11       2.54
0.380      8062.91    8058.11       2.52
0.364      8062.91    8058.11       2.74
0.368      8062.91    8058.11       2.55
0.366      8062.91    8058.11       2.61
0.372      8062.91    8058.11       2.53
0.375      8062.91    8058.11       2.52
0.358      8062.91    8058.11       2.53
0.403      8062.91    8058.11       2.52
0.368      8062.91    8058.11       2.55
0.366      8062.91    8058.11       2.53
0.375      8062.91    8058.11       2.52
0.366      8062.91    8058.11       2.54
0.369      8062.91    8058.11       2.63
0.365      8062.91    8058.11       2.55
0.372      8062.91    8058.11       2.55
0.373      8062.91    8058.11       2.52
0.371      8062.91    8058.11       2.53
0.358      8062.91    8058.11       2.55
0.364      8062.91    8058.11       2.52
0.368      8062.91    8058.11       3.13
0.370      8062.91    8058.11       2.55
0.369      8062.91    8058.11       2.52
0.370      8062.91    8058.11       2.55
0.369      8062.91    8058.11       2.52
0.366      8062.91    8058.11       2.53
0.366      8062.91    8058.11       2.53
0.367      8062.91    8058.11       2.54
0.365      8062.91    8058.11       2.54
0.365      8062.91    8058.11       2.52
0.364      8062.91    8058.11       2.52
0.376      8062.91    8058.11       2.55
0.366      8062.91    8058.11       2.64
0.361      8062.91    8058.11       2.52
0.395      8062.91    8058.11       2.53
0.368      8062.91    8058.11       2.53
0.366      8062.91    8058.11       2.53
0.369      8062.91    8058.11       2.63
0.365      8062.91    8058.11       2.60
0.366      8062.91    8058.11       2.74
0.367      8062.91    8058.11       2.54
0.363      8062.91    8058.11       2.55
0.366      8062.91    8058.11       2.62
0.366      8062.91    8058.11       2.52
0.365      8062.91    8058.11       2.52
0.371      8062.91    8058.11       2.52
0.367      8062.91    8058.11       2.54
0.369      8062.91    8058.11       2.52
0.387      8062.91    8058.11       2.54
0.368      8062.91    8058.11       2.54
0.367      8062.91    8058.11       2.55
0.372      8062.91    8058.11       2.64
0.360      8063.03    8056.91       3.76
0.368      8063.21    8057.09       2.48
0.362      8063.21    8057.09       0.21
0.366      8063.21    8057.09       2.39
0.368      8063.21    8057.09       0.00
0.368      8063.21    8057.09       0.36
0.367      8063.21    8057.08       2.50
0.366      8063.21    8057.08       2.43
0.366      8063.21    8057.08       2.50
0.367      8063.21    8057.08       2.50
0.367      8063.21    8057.08       2.43
0.366      8063.21    8057.08       2.48
0.372      8063.21    8057.08       2.49
0.371      8063.21    8057.08       2.50
0.372      8063.21    8057.08       2.44
0.384      8063.21    8057.08       2.13
0.370      8063.21    8057.08       2.50
0.368      8063.21    8057.08       2.49
0.368      8063.21    8057.08       2.63
0.365      8063.21    8057.08       2.43
0.375      8063.21    8057.08       2.43
0.366      8063.21    8057.08       2.44
0.406      8063.21    8057.08       2.50
0.368      8063.21    8057.08       2.41
0.355      8063.21    8057.08       2.44
0.377      8063.21    8057.08       2.50
0.379      8063.21    8057.08       2.50
0.373      8063.21    8057.08       2.31
0.366      8063.21    8057.08       2.43
0.362      8063.21    8057.08       2.43
0.363      8063.21    8057.08       2.43
0.363      8063.21    8057.08       2.50
0.369      8063.21    8057.08       1.95
0.368      8063.21    8057.08       2.43
0.375      8063.21    8057.08       2.51
0.366      8063.21    8057.08       2.51
0.377      8063.21    8057.08       2.51
0.370      8063.21    8057.08       2.43
0.384      8063.21    8057.08       2.43
0.367      8063.21    8057.08       2.43
0.370      8063.21    8057.08       2.49
0.365      8063.21    8057.08       0.49
