Watching PID 1105968 page references for every 0.2 seconds...
Est(s)     RSS(MB)    PSS(MB)    Ref(MB)
0.217       384.18     379.94      15.80
0.215       386.02     381.73      18.09
0.214       386.02     381.73       2.61
0.214       386.02     381.72       2.61
0.214       386.02     381.72       2.62
0.213       386.02     381.73       2.61
0.213       386.02     381.72       2.60
0.213       386.02     381.73       2.61
0.212       392.73     388.30      17.56
0.219       608.22     603.78     230.44
0.225       636.05     631.61      36.11
0.223       663.79     659.35      36.19
0.226       692.49     688.05      36.80
0.227       716.75     712.31      32.11
0.227       745.09     740.66      37.46
0.227       774.07     769.63      37.98
0.227       801.94     797.50      37.07
0.228       830.95     826.51      38.01
0.228       859.99     855.55      37.54
0.225       888.38     883.94      37.17
0.226       913.54     909.10      33.29
0.224       940.93     936.49      35.79
0.227       968.62     964.18      36.53
0.235       998.27     993.83      37.91
0.235      1029.10    1024.66      39.34
0.234      1058.74    1054.30      38.01
0.233      1088.79    1084.35      38.94
0.234      1118.65    1114.21      38.50
0.235      1149.11    1144.67      39.17
0.234      1178.76    1174.32      38.50
0.234      1205.31    1200.87      34.00
0.234      1237.50    1233.06      40.65
0.234      1267.69    1263.25      38.63
0.259      1695.35    1690.91     484.36
0.280      2246.87    2242.43     727.11
0.250      2721.62    2717.18     516.68
0.246      2753.74    2749.30      74.59
0.246      2785.99    2781.55      76.32
0.246      2818.24    2813.80      76.54
0.247      2850.49    2846.05      77.21
0.248      2882.98    2878.55      78.54
0.249      2915.99    2911.55      78.91
0.250      2948.78    2944.34      79.38
0.250      2982.49    2978.05      79.65
0.251      3015.61    3011.18      78.29
0.251      3049.36    3044.92      79.91
0.253      3083.11    3078.67      80.68
0.257      3117.86    3113.42      81.82
0.263      3153.54    3148.97      85.03
0.258      3189.36    3184.80      83.30
0.253      3222.99    3218.42      80.01
0.252      3256.29    3251.72      78.99
0.252      3289.94    3285.28      79.58
0.253      3323.61    3318.95      80.19
0.254      3356.29    3351.62      77.33
0.256      3540.00    3535.33     237.47
0.260      3575.56    3570.89      66.50
0.259      3616.39    3611.72      72.32
0.260      3679.32    3674.66      77.05
0.261      3715.02    3710.40      65.23
0.260      3751.01    3746.38      64.89
0.261      3787.31    3782.69      66.11
0.262      3823.79    3819.17      66.41
0.262      3859.76    3855.13      66.34
0.264      3896.49    3891.87      66.77
0.264      3929.84    3925.22      60.36
0.264      3966.43    3961.81      66.16
0.265      3995.50    3990.88      69.57
0.264      4009.17    4004.55      66.81
0.266      4045.60    4040.98      67.40
0.280      4056.22    4051.60      70.89
0.266      3982.39    3977.76     125.57
0.261      3780.38    3775.75     105.45
0.263      3826.64    3822.02      58.49
0.265      3888.05    3883.42      73.40
0.265      3924.44    3919.82      47.59
0.265      3961.19    3956.56      48.84
0.269      4249.20    4244.58     337.47
0.279      4682.00    4677.37     500.20
0.273      4779.48    4774.86      69.22
0.274      4818.17    4813.55      72.84
0.275      4857.35    4852.73      73.72
0.275      4896.20    4891.58      72.93
0.277      4933.63    4929.01      73.69
0.276      4971.74    4967.12      73.60
0.275      5024.59    5019.97      87.67
0.276      5063.86    5059.24      73.60
0.276      5102.98    5098.36      74.92
0.276      5142.48    5138.04      76.99
0.277      5152.56    5148.13      74.49
0.278      5217.55    5213.12     101.58
0.280      5257.38    5252.94      76.95
0.281      5414.05    5409.61     214.42
0.293      6028.53    6024.09     710.59
0.292      6155.07    6150.63     104.95
0.288      6303.61    6299.17     145.19
0.287      6371.98    6367.54     117.27
0.289      6413.35    6408.91      94.06
0.289      6452.72    6448.29      88.71
0.289      6493.60    6489.16      92.17
0.290      6535.60    6531.16      93.55
0.291      6577.60    6573.16      93.87
0.296      6647.93    6643.49     123.21
0.292      6717.15    6712.71     121.16
0.293      6758.62    6754.18      93.20
0.294      6801.12    6796.68      94.48
0.292      6843.25    6838.81      92.93
0.292      6884.62    6880.18      92.56
0.293      6927.00    6922.56      93.09
0.298      6992.02    6987.59     229.89
0.296      7169.55    7165.11     329.92
0.296      7291.56    7287.12     188.16
0.296      7333.93    7329.50      83.45
0.296      7374.24    7369.80      80.53
0.303      7417.50    7413.06      85.20
0.298      7460.87    7456.43      84.11
0.298      7503.50    7499.06      84.30
0.299      7546.00    7541.56      83.95
0.299      7588.87    7584.43      84.50
0.299      7631.37    7626.93      83.83
0.299      7673.87    7669.43      83.80
0.299      7716.25    7711.81      82.99
0.301      7786.06    7781.62     112.18
0.295      6455.94    6451.50      82.45
0.284      6495.81    6491.38      81.37
0.281      6535.35    6530.91     166.84
0.277      6629.04    6624.60     271.34
0.276      6666.70    6662.26     106.53
0.278      6789.42    6784.98     201.85
0.279      6827.59    6823.15      76.12
0.278      6865.04    6860.61      75.92
0.280      6902.87    6898.43      76.49
0.280      6941.32    6936.89      78.05
0.281      6979.25    6974.82      77.91
0.282      7017.40    7012.96      76.38
0.282      7056.19    7051.75      77.89
0.282      7094.21    7089.78      76.19
0.283      7132.24    7127.80      77.40
0.288      7166.44    7162.00      69.84
0.286      7206.13    7201.69      79.56
0.286      7242.40    7237.96      73.53
0.288      7276.34    7271.90      68.77
0.297      7311.80    7307.36      70.64
0.296      7308.00    7303.57      49.79
0.310      7474.15    7469.71     176.12
0.313      7655.59    7651.15      10.47
0.315      7661.52    7657.08      11.50
0.312      7664.73    7660.29       6.12
0.307      7667.63    7663.19       6.52
0.310      7672.90    7668.46      11.22
0.312      7677.49    7673.06       8.52
0.305      7681.22    7676.78       8.27
0.301      7687.02    7682.58      10.25
0.302      7690.79    7686.36       8.24
0.311      7695.66    7691.22       9.62
0.312      7699.72    7695.28       7.51
0.311      7704.88    7700.45       8.79
0.312      7709.56    7705.12       8.77
0.319      7715.04    7710.61       9.55
0.319      7719.07    7714.63       7.89
0.314      7723.13    7718.69       8.02
0.310      7726.61    7722.17       6.14
0.301      7732.64    7728.20      10.88
0.303      7737.24    7732.80       9.58
0.303      7742.80    7738.36      10.34
0.307      7747.80    7743.36       8.91
0.311      7751.53    7747.09       7.67
0.312      7755.93    7751.50       8.30
0.309      7759.34    7754.90       6.55
0.307      7763.34    7758.90       8.59
0.312      7769.56    7765.12      10.89
0.313      7773.68    7769.24       8.16
0.313      7778.54    7774.11       8.95
0.303      6365.52    6361.08       7.82
0.294      6370.90    6366.46       9.21
0.300      6376.41    6371.97      10.23
0.288      6380.17    6375.73       7.95
0.286      6383.55    6379.12       7.52
0.287      6387.86    6383.42       7.81
0.289      6392.48    6388.04       8.94
0.293      6396.53    6392.09       7.50
0.297      6400.18    6395.75       6.11
0.287      6406.34    6401.90      11.48
0.287      6409.41    6404.98       6.66
0.287      6413.33    6408.89       8.68
0.287      6417.09    6412.65       7.24
0.287      6421.50    6417.06       8.61
0.288      6424.80    6420.36       6.31
0.288      6430.58    6426.14      10.39
0.287      6434.96    6430.52       9.02
0.289      6439.02    6434.58       8.68
0.302      6441.24    6436.80     226.84
0.339      7152.98    7148.54    1800.43
0.357      7232.62    7228.18    1743.12
0.390      7524.59    7520.15    1101.81
0.403      7228.83    7224.39    1984.55
0.380      6864.72    6860.28    2625.14
0.316      6058.56    6054.12    1262.34
0.305      5162.24    5157.77     832.68
0.268      5162.24    5157.77       2.75
0.286      4688.45    4682.66       4.94
0.258      3241.73    3234.58     315.85
0.220         0.00       0.00       0.00
ERROR: can't open /proc/1105968/clear_refs (older kernel?): Permission denied at ../wss.pl line 203.
