Watching PID 2190777 page references grow, output every 0.2 seconds...
Est(s)     RSS(MB)    PSS(MB)    Ref(MB)
0.215       385.85     381.59      21.37
0.433       385.85     381.59      21.40
0.650       385.85     381.59      21.40
0.866       385.85     381.59      21.41
1.083       385.85     381.59      21.41
1.300       385.85     381.59      21.41
1.516       385.85     381.59      21.41
1.732       385.85     381.59      21.46
1.951       385.85     381.58      21.46
2.179       646.59     642.19     290.61
2.412       672.71     668.31     316.74
2.649       699.23     694.83     343.25
2.892       726.29     721.89     370.31
3.131       753.46     749.06     397.49
3.362       779.26     774.86     423.29
3.592       804.71     800.31     448.74
3.824       830.71     826.31     474.74
4.059       857.20     852.79     501.22
4.290       882.96     878.56     526.99
4.522       908.71     904.31     552.74
4.755       934.82     930.42     578.84
4.995       962.34     957.94     606.36
5.248       989.29     984.88     633.31
5.504      1018.84    1014.44     662.86
5.756      1046.34    1041.94     690.36
6.004      1074.84    1070.44     718.86
6.246      1101.11    1096.71     745.14
6.492      1128.34    1123.94     772.36
6.737      1155.46    1151.06     799.49
6.976      1181.64    1177.24     825.66
7.215      1208.46    1204.06     852.49
7.454      1235.21    1230.81     879.24
7.694      1261.71    1257.31     905.74
7.932      1288.46    1284.06     932.49
8.175      1315.46    1311.06     959.48
8.419      1346.76    1342.36     990.79
8.655      1373.40    1369.00    1017.42
8.893      1399.77    1395.37    1043.80
9.142      1428.98    1424.58    1073.01
9.395      1458.05    1453.65    1102.08
9.638      1485.15    1480.75    1129.18
9.883      1512.40    1508.00    1156.43
10.128     1539.52    1535.12    1183.55
10.371     1566.77    1562.37    1210.80
10.615     1593.90    1589.50    1237.93
10.856     1620.52    1616.12    1264.55
11.096     1647.40    1643.00    1291.43
11.342     1674.77    1670.37    1318.80
11.589     1702.21    1697.81    1346.23
11.839     1730.33    1725.93    1374.36
12.092     1758.42    1754.02    1402.45
12.345     1786.96    1782.56    1430.98
12.599     1814.83    1810.43    1458.86
12.852     1843.08    1838.68    1487.11
13.105     1871.08    1866.68    1515.11
13.357     1899.33    1894.93    1543.36
13.608     1927.21    1922.81    1571.23
13.857     1955.08    1950.68    1599.11
14.107     1983.76    1979.36    1627.82
14.365     2031.73    2027.33    1675.82
14.629     2051.09    2046.69    1695.18
14.895     2075.09    2070.69    1719.18
15.164     2140.79    2136.39    1784.90
15.433     2173.11    2168.71    1817.23
15.703     2202.66    2198.26    1846.77
15.972     2232.19    2227.79    1876.30
16.239     2261.92    2257.52    1906.04
16.519     2292.61    2288.21    1936.72
16.798     2323.45    2319.05    1967.56
17.076     2354.86    2350.46    1998.97
17.368     2387.23    2382.83    2031.35
17.659     2418.79    2414.39    2062.90
17.941     2449.81    2445.41    2093.92
18.219     2480.76    2476.36    2124.88
18.497     2511.18    2506.78    2155.29
18.775     2542.29    2537.88    2186.40
19.054     2572.84    2568.44    2216.95
19.325     2591.96    2587.56    2245.99
19.581     1911.49    1907.09    1587.00
19.837     1939.29    1934.89    1614.81
20.100     1969.03    1964.63    1644.55
20.365     1997.99    1993.59    1673.50
20.639     2027.95    2023.54    1703.46
20.919     2059.07    2054.67    1734.58
21.187     2089.55    2085.15    1765.07
21.438     2117.17    2112.77    1792.69
21.688     2144.46    2140.06    1819.98
21.938     2172.02    2167.62    1847.53
22.189     2199.93    2195.53    1875.45
22.440     2227.61    2223.21    1903.12
22.688     2254.60    2250.20    1930.11
22.947     2282.75    2278.35    1958.26
23.206     2311.30    2306.90    1986.82
23.468     2339.78    2335.38    2015.30
23.731     2369.56    2365.16    2045.08
23.989     2398.04    2393.64    2073.55
24.257     2426.39    2421.99    2101.91
24.523     2456.39    2451.99    2131.90
24.781     2484.68    2480.28    2160.19
25.041     2513.66    2509.26    2189.18
25.299     2541.64    2537.24    2217.16
25.557     2570.13    2565.73    2245.65
25.815     2598.31    2593.91    2273.83
26.072     2626.61    2622.21    2302.13
26.329     2655.71    2651.31    2331.23
26.590     2684.33    2679.93    2359.84
26.867     2714.12    2709.72    2389.64
27.162     2747.79    2743.39    2423.31
27.448     2784.90    2780.50    2460.41
27.741     2822.45    2818.05    2497.97
28.036     2856.33    2851.93    2531.85
28.311     2887.00    2882.60    2562.51
28.577     2916.58    2912.18    2592.10
28.842     2945.87    2941.47    2621.39
29.108     2975.11    2970.71    2650.62
29.374     3004.90    3000.50    2680.42
29.638     3011.72    3007.32    2687.23
29.923     2308.60    2304.20    1984.12
30.214     2342.84    2338.44    2018.35
30.506     2373.57    2369.17    2049.09
30.811     2408.74    2404.34    2084.25
31.111     2442.11    2437.71    2117.62
31.412     2476.40    2472.00    2151.92
31.703     2508.74    2504.34    2184.26
31.987     2540.29    2535.89    2215.81
32.270     2571.71    2567.31    2247.23
32.553     2603.39    2598.99    2278.91
32.836     2635.43    2631.03    2310.95
33.117     2667.24    2662.84    2342.75
33.400     2698.29    2693.88    2373.87
33.702     2730.57    2726.17    2406.16
34.011     2766.32    2761.92    2441.91
34.328     2800.38    2795.98    2475.96
34.639     2836.35    2831.95    2511.93
34.932     2869.46    2865.06    2545.04
35.223     2901.64    2897.24    2577.22
35.512     2934.30    2929.90    2609.89
35.815     2967.46    2963.06    2643.04
36.124     3002.67    2998.27    2678.25
36.438     3036.66    3032.26    2712.25
36.772     3074.38    3069.98    2749.96
37.102     3112.18    3107.78    2787.77
37.412     3145.71    3141.31    2821.30
37.721     3180.14    3175.74    2855.73
38.028     3215.12    3210.72    2890.70
38.327     3248.37    3243.97    2923.95
38.627     3281.41    3276.89    2957.25
38.924     3316.38    3311.86    2992.21
39.224     3348.43    3343.91    3024.27
39.549     3384.43    3379.90    3060.26
39.881     3228.70    3224.17    2904.53
40.170     1899.47    1894.81    1575.59
40.419     1899.47    1894.85    1577.20
40.665     1899.47    1894.84    1577.20
40.910     1928.11    1921.46    1892.29
ERROR: can't open /proc/2190777/smaps: No such file or directory at ../wss.pl line 226.
