Watching PID 2435567 page references grow, output every 0.2 seconds...
Est(s)     RSS(MB)    PSS(MB)    Ref(MB)
0.208       386.18     381.89       2.67
0.419       386.18     381.90       2.67
0.630       386.18     381.90       2.67
0.841       386.18     381.90       2.67
1.052       386.18     381.90       2.67
1.265       386.18     381.89       2.68
1.484       386.18     381.90       2.68
1.702       386.18     381.90       2.68
1.923       386.18     381.90       2.68
2.148       668.41     663.99     299.23
2.376       694.21     689.79     325.03
2.603       719.23     714.80     350.04
2.837       745.66     741.24     376.52
3.069       771.38     766.96     402.24
3.302       796.67     792.25     427.52
3.533       825.65     821.23     456.51
3.759       850.52     846.10     481.38
3.992       876.77     872.34     507.62
4.237       903.73     899.31     534.59
4.480       931.38     926.95     562.23
4.720       957.95     953.53     588.81
4.961       984.90     980.48     615.76
5.203      1012.10    1007.68     642.96
5.446      1038.88    1034.46     669.74
5.688      1065.95    1061.52     696.80
5.926      1091.82    1087.40     722.68
6.160      1117.75    1113.32     748.61
6.395      1144.46    1140.04     775.32
6.630      1170.22    1165.80     801.08
6.865      1196.51    1192.09     827.37
7.100      1223.04    1218.62     853.90
7.335      1246.48    1242.06     877.35
7.573      1272.95    1268.53     903.82
7.818      1300.32    1295.90     931.19
8.066      1327.92    1323.50     958.79
8.314      1421.08    1416.66    1051.98
8.559      1451.41    1446.99    1082.38
8.805      1491.81    1487.39    1122.77
9.051      1531.95    1527.53    1162.91
9.297      1566.11    1561.69    1197.10
9.544      1593.49    1589.07    1224.48
9.791      1620.93    1616.50    1251.91
10.038     1648.15    1643.73    1279.14
10.284     1675.49    1671.07    1306.48
10.530     1703.24    1698.82    1334.23
10.779     1730.99    1726.57    1361.98
11.027     1758.68    1754.25    1389.66
11.276     1786.18    1781.75    1417.16
11.529     1814.11    1809.69    1445.10
11.784     1842.66    1838.24    1473.65
12.034     1870.49    1866.07    1501.48
12.284     1898.43    1894.00    1529.48
12.533     1926.43    1922.00    1557.48
12.782     1953.86    1949.44    1584.92
13.029     1981.11    1976.69    1612.16
13.274     2008.55    2004.13    1639.61
13.521     2035.93    2031.50    1666.98
13.771     2064.30    2059.88    1695.36
14.025     2259.33    2254.91    1890.41
14.280     2314.86    2310.44    1945.95
14.534     2343.11    2338.69    1974.20
14.790     2391.15    2386.73    2022.24
15.045     2463.71    2459.29    2094.84
15.303     2530.20    2525.77    2161.34
15.557     2566.26    2561.84    2197.41
15.810     2594.45    2590.02    2225.59
16.066     2622.95    2618.52    2254.09
16.323     2651.45    2647.02    2282.59
16.578     2679.82    2675.40    2310.97
16.835     2708.51    2704.09    2339.66
17.095     2737.51    2733.09    2368.66
17.354     2766.01    2761.59    2397.16
17.613     2794.95    2790.52    2426.09
17.874     2824.20    2819.77    2455.34
18.136     2852.82    2848.40    2483.97
18.395     2881.51    2877.09    2512.66
18.656     2910.20    2905.77    2541.34
18.923     2940.20    2935.77    2571.34
19.219     2964.64    2960.22    2604.98
19.538     2975.95    2971.53    2639.10
19.837     3005.53    3001.11    2668.71
20.120     3057.90    3053.48    2721.08
20.393     3111.25    3106.83    2774.53
20.663     3148.15    3143.73    2811.43
20.939     3178.21    3173.79    2841.50
21.218     3208.15    3203.73    2871.43
21.499     3239.53    3235.11    2902.81
21.780     3293.23    3288.81    2956.51
22.062     3318.29    3313.87    2981.57
22.345     3346.98    3342.56    3010.26
22.632     3379.54    3375.12    3042.82
22.921     3411.86    3407.43    3075.14
23.204     3393.73    3389.31    3057.05
23.486     3422.88    3418.45    3086.20
23.768     3454.68    3450.26    3118.00
24.053     3492.97    3488.55    3156.38
24.335     3522.04    3517.61    3185.45
24.614     3551.22    3546.80    3214.64
24.896     3607.72    3603.30    3271.25
25.194     3686.84    3682.42    3350.48
25.493     3548.34    3543.92    3212.02
25.778     3562.89    3558.47    3226.58
26.056     3568.67    3564.25    3232.36
26.326     3591.84    3587.42    3255.56
26.597     3607.63    3603.21    3271.35
26.868     3637.39    3632.97    3301.11
27.138     3667.05    3662.63    3330.77
27.409     3696.45    3692.03    3360.18
27.696     3727.71    3723.29    3391.43
27.982     3759.27    3754.84    3422.99
28.280     3791.35    3786.93    3455.07
28.581     3824.49    3820.07    3488.21
28.859     3854.59    3850.17    3518.31
29.134     3884.65    3880.23    3548.38
29.411     3914.47    3910.05    3578.19
29.689     3944.99    3940.57    3608.71
29.966     3975.16    3970.74    3638.88
30.258     4006.59    4002.17    3670.31
30.573     4041.32    4036.90    3705.05
30.892     4076.01    4071.59    3739.73
31.209     4110.42    4106.00    3774.14
31.510     4141.94    4137.52    3805.66
31.798     4173.23    4168.81    3836.95
32.087     4204.58    4200.16    3868.30
32.376     4236.19    4231.77    3899.91
32.663     4266.95    4262.53    3930.68
32.946     4297.96    4293.54    3961.69
33.240     4329.89    4325.47    3993.61
33.537     4362.48    4357.94    4026.45
33.830     4393.68    4389.13    4057.65
34.125     4425.65    4421.00    4089.62
34.423     4457.66    4453.02    4121.64
34.722     4490.35    4485.71    4154.45
35.023     4522.68    4518.07    4188.37
35.325     4555.14    4550.54    4220.83
35.623     4587.05    4582.45    4252.75
35.917     4619.20    4614.59    4284.89
36.214     4643.46    4638.86    4309.15
36.513     4667.83    4663.23    4333.54
36.815     4653.59    4648.98    4319.29
37.123     4622.57    4617.97    4288.27
37.434     4614.82    4610.22    4280.53
37.742     4597.59    4592.99    4263.30
38.052     4589.85    4585.25    4255.57
38.362     4614.38    4609.78    4280.10
38.669     4640.62    4636.02    4306.35
38.971     4651.98    4647.37    4317.82
39.277     4653.86    4649.21    4319.75
39.583     4653.86    4649.21    4319.75
39.855     2171.85    2167.21    1837.74
40.094     2171.85    2167.21    1837.74
40.334     2171.85    2167.21    1837.74
40.573     2171.85    2167.21    1837.74
40.813     2171.85    2167.21    1837.74
41.053     2171.85    2167.21    1837.74
41.293     2171.85    2167.21    1837.74
41.532     2171.85    2167.21    1837.74
41.772     2171.85    2167.21    1837.74
42.013     2171.85    2167.21    1837.74
42.261     2171.85    2167.21    1837.74
42.512     2171.85    2167.21    1837.74
42.762     2171.85    2167.21    1837.74
43.010     2171.85    2167.21    1837.74
43.253     2171.85    2167.21    1837.74
43.497     2171.85    2167.21    1837.74
43.740     2171.85    2167.21    1837.74
43.979     2171.85    2167.21    1837.74
44.218     2171.85    2167.21    1837.74
44.457     2171.85    2167.21    1837.74
44.698     2171.85    2167.21    1837.74
44.938     2171.85    2167.43    1837.75
45.177     2171.85    2167.43    1837.75
45.420     2171.85    2167.43    1837.75
45.664     2171.85    2167.43    1837.75
45.910     2171.85    2167.43    1837.75
46.153     2171.85    2167.43    1837.75
46.396     2171.85    2167.43    1837.75
46.641     2171.85    2167.43    1837.75
46.885     2171.85    2167.43    1837.75
47.126     2171.85    2167.43    1837.75
47.368     2171.85    2167.43    1837.75
47.606     2171.85    2167.43    1837.75
47.847     2171.85    2167.43    1837.75
48.090     2171.85    2167.43    1837.75
48.334     2171.85    2167.43    1837.75
48.579     2171.85    2167.43    1837.75
48.824     2171.85    2167.43    1837.75
49.067     2171.85    2167.43    1837.75
49.311     2171.85    2167.43    1837.75
49.555     2171.85    2167.43    1837.75
49.799     2171.85    2167.43    1837.75
50.029      739.10     734.68     404.99
50.248      739.10     734.68     404.99
50.468      739.10     734.68     404.99
50.687      739.10     734.67     404.99
50.905      739.10     734.68     404.99
51.122      739.10     734.68     404.99
51.338      739.10     734.68     404.99
51.554      739.10     734.68     404.99
51.770      739.10     734.68     404.99
51.987      739.10     734.68     404.99
52.204      739.10     734.68     404.99
52.420      739.10     734.68     404.99
52.637      739.10     734.68     404.99
52.853      739.10     734.67     404.99
53.071      739.10     734.67     404.99
53.292      739.10     734.68     404.99
53.515      739.10     734.68     404.99
53.732      739.10     734.68     404.99
53.947      739.10     734.68     404.99
54.161      739.10     734.68     404.99
54.375      739.10     734.68     404.99
54.590      739.10     734.68     404.99
54.805      739.10     734.68     404.99
55.019      739.10     734.68     404.99
55.234      739.10     734.68     404.99
55.450      739.10     734.68     404.99
55.667      739.10     734.68     404.99
55.885      739.10     734.68     404.99
56.103      739.10     734.68     404.99
56.320      739.10     734.68     404.99
56.537      739.10     734.68     404.99
56.754      739.10     734.68     404.99
56.971      739.10     734.68     404.99
57.189      739.10     734.68     404.99
57.406      739.10     734.68     404.99
57.624      739.10     734.68     404.99
57.841      739.10     734.68     404.99
58.058      739.10     734.68     404.99
58.280      739.10     734.68     404.99
58.504      739.10     734.68     404.99
58.724      739.10     734.68     404.99
58.948      739.10     734.68     404.99
59.166      739.10     734.68     404.99
59.383      739.10     734.68     404.99
59.600      739.10     734.68     404.99
59.816      739.10     734.68     404.99
60.032      739.10     734.68     404.99
60.247      739.10     734.68     404.99
60.462      739.10     734.68     404.99
60.678      739.10     734.68     404.99
60.895      739.10     734.68     404.99
61.112      739.10     734.68     404.99
61.330      739.10     734.68     404.99
61.546      739.10     734.68     404.99
61.761      739.10     734.68     404.99
61.976      739.10     734.68     404.99
62.191      739.10     734.68     404.99
62.406      739.10     734.68     404.99
62.623      739.10     734.68     404.99
62.839      739.10     734.68     404.99
63.055      739.10     734.68     404.99
63.272      739.10     734.68     404.99
63.494      739.10     734.68     404.99
63.722      739.10     734.68     404.99
63.947      739.10     734.68     404.99
64.165      739.10     734.68     404.99
64.382      739.10     734.68     404.99
64.600      739.10     734.68     404.99
64.816      739.10     734.68     404.99
65.033      739.10     734.68     404.99
65.250      739.10     734.68     404.99
65.467      739.10     734.68     404.99
65.682      739.10     734.68     404.99
65.897      739.10     734.68     404.99
66.112      739.10     734.68     404.99
66.326      739.10     734.68     404.99
66.542      739.10     734.67     404.99
66.758      739.10     734.68     404.99
66.972      739.10     734.68     404.99
67.186      739.10     734.68     404.99
67.400      739.10     734.68     404.99
67.615      739.10     734.68     404.99
67.830      739.10     734.68     404.99
68.048      739.10     734.68     404.99
68.266      739.10     734.68     404.99
68.485      739.10     734.68     404.99
68.710      739.10     734.68     404.99
68.936      739.10     734.68     404.99
69.159      739.10     734.68     405.00
69.377      739.10     734.68     405.00
69.594      739.10     734.68     405.00
69.811      739.10     734.68     405.00
70.028      739.10     734.68     405.00
70.245      739.10     734.68     405.00
70.462      739.10     734.68     405.00
70.678      739.10     734.68     405.00
70.895      739.10     734.68     405.00
71.112      739.10     734.68     405.00
71.326      739.10     734.68     405.00
71.542      739.10     734.68     405.00
71.763      739.10     734.68     405.00
71.986      739.10     734.68     405.00
72.202      739.10     734.68     405.00
72.418      739.10     734.68     405.00
72.635      739.10     734.68     405.00
72.851      739.10     734.68     405.00
73.067      739.10     734.68     405.00
73.283      739.10     734.68     405.00
73.501      739.10     734.68     405.00
73.718      739.10     734.68     405.00
73.935      739.10     734.68     405.00
74.151      739.10     734.68     405.00
74.370      739.10     734.68     405.00
74.594      739.10     734.68     405.00
74.816      739.10     734.68     405.00
75.041      739.10     734.68     405.00
75.257      739.10     734.68     405.00
75.472      739.10     734.68     405.00
75.687      739.10     734.68     405.00
75.901      739.10     734.68     405.00
76.116      739.10     734.68     405.00
76.331      739.10     734.68     405.00
76.548      739.10     734.68     405.00
76.769      739.10     734.68     405.00
76.993      739.10     734.68     405.00
77.210      739.10     734.68     405.00
77.426      739.10     734.68     405.00
77.643      739.10     734.68     405.00
77.859      739.10     734.68     405.00
78.075      739.10     734.68     405.00
78.291      739.10     734.68     405.00
78.509      739.10     734.68     405.00
78.726      739.10     734.68     405.00
78.942      739.10     734.68     405.00
79.163      739.10     734.68     405.00
79.384      739.10     734.68     405.00
79.602      739.10     734.68     405.00
79.821      739.10     734.68     405.00
80.039      739.10     734.68     405.00
80.256      739.10     734.68     405.00
80.473      739.10     734.68     405.00
80.690      739.10     734.68     405.00
80.905      739.10     734.68     405.00
81.121      739.10     734.68     405.00
81.336      739.10     734.68     405.00
81.551      739.10     734.68     405.00
81.772      739.10     734.68     405.00
81.995      739.10     734.68     405.00
82.210      739.10     734.68     405.00
82.429      739.10     734.68     405.00
82.653      739.10     734.68     405.00
82.869      739.10     734.68     405.00
83.085      739.10     734.68     405.00
83.301      739.10     734.68     405.00
83.516      739.10     734.68     405.00
83.730      739.10     734.68     405.00
83.945      739.10     734.68     405.00
84.161      739.10     734.68     405.00
84.377      739.10     734.68     405.00
84.591      739.10     734.68     405.00
84.807      739.10     734.68     405.00
85.025      739.10     734.68     405.00
85.242      739.10     734.68     405.00
85.459      739.10     734.68     405.00
85.675      739.10     734.67     405.00
85.891      739.10     734.68     405.00
86.107      739.10     734.68     405.00
86.322      739.10     734.68     405.00
86.537      739.10     734.68     405.00
86.753      739.10     734.68     405.00
86.968      739.10     734.68     405.00
87.183      739.10     734.68     405.00
87.403      739.10     734.68     405.00
87.627      739.10     734.68     405.00
87.847      739.10     734.68     405.00
88.068      739.10     734.68     405.00
88.285      739.10     734.68     405.00
88.502      739.10     734.68     405.00
88.719      739.10     734.68     405.00
88.934      739.10     734.68     405.00
89.150      739.10     734.68     405.00
89.364      739.10     734.68     405.00
89.579      739.10     734.68     405.00
89.795      739.10     734.68     405.00
90.011      739.10     734.68     405.00
90.231      739.10     734.68     405.00
90.457      739.10     734.68     405.00
90.684      739.10     734.68     405.00
90.912      739.10     734.68     405.00
91.137      739.10     734.68     405.00
91.354      739.10     734.67     405.00
91.570      739.10     734.68     405.00
91.786      739.10     734.68     405.00
92.006      739.10     734.68     405.00
92.226      739.10     734.68     405.00
92.445      739.10     734.68     405.00
92.671      739.10     734.68     405.00
92.899      739.10     734.68     405.00
93.123      739.10     734.68     405.00
93.340      739.10     734.68     405.00
93.557      739.10     734.68     405.00
93.773      739.10     734.68     405.00
93.990      739.10     734.68     405.00
94.207      739.10     734.68     405.00
94.422      739.10     734.68     405.00
94.637      739.10     734.68     405.00
94.850      739.10     734.68     405.00
95.065      739.10     734.68     405.00
95.284      739.10     734.68     405.00
95.512      739.10     734.68     405.00
95.737      739.10     734.68     405.00
95.954      739.10     734.68     405.00
96.171      739.10     734.68     405.00
96.387      739.10     734.52     405.00
96.603      739.10     734.46     405.00
96.818      739.10     734.49     405.00
97.033      739.10     734.46     405.00
97.249      739.10     734.45     405.00
97.463      739.10     734.45     405.00
97.677      739.10     734.45     405.00
97.892      739.10     734.45     405.00
98.106      739.10     734.45     405.00
98.321      739.10     734.45     405.00
98.535      739.10     734.45     405.00
98.750      739.10     734.45     405.00
98.965      739.10     734.45     405.00
99.180      739.10     734.45     405.00
99.398      739.10     734.45     405.00
99.616      739.10     734.45     405.00
99.832      739.10     734.45     405.00
100.046     739.10     734.45     405.00
100.262     739.10     734.45     405.00
100.484     739.10     734.45     405.00
100.707     739.10     734.45     405.00
100.924     739.10     734.45     405.00
101.142     739.10     734.45     405.00
101.359     739.10     734.45     405.00
101.575     739.10     734.45     405.00
101.792     739.10     734.45     405.00
102.008     739.10     734.45     405.00
102.225     739.10     734.45     405.00
102.440     739.10     734.45     405.00
102.655     739.10     734.45     405.00
102.869     739.10     734.45     405.00
103.085     739.10     734.45     405.00
103.305     739.10     734.45     405.00
103.526     739.10     734.45     405.00
103.751     739.10     734.45     405.00
103.977     739.10     734.45     405.00
104.200     739.10     734.45     405.00
104.418     739.10     734.45     405.00
104.636     739.10     734.45     405.00
104.853     739.10     734.45     405.00
105.070     739.10     734.45     405.00
105.287     739.10     734.45     405.00
105.502     739.10     734.45     405.00
105.717     739.10     734.45     405.00
105.936     739.10     734.45     405.00
106.163     739.10     734.45     405.00
106.392     739.10     734.45     405.00
106.617     739.10     734.45     405.00
106.835     739.10     734.45     405.00
107.052     739.10     734.68     405.00
107.269     739.10     734.68     405.00
107.487     739.10     734.68     405.00
107.704     739.10     734.68     405.00
107.920     739.10     734.68     405.00
108.137     739.10     734.68     405.00
108.353     739.10     734.68     405.00
108.574     739.10     734.68     405.00
108.802     739.10     734.68     405.00
109.025     739.10     734.68     405.00
109.243     739.10     734.68     405.00
109.461     739.10     734.68     405.00
109.678     739.10     734.68     405.00
109.894     739.10     734.67     405.00
110.111     739.10     734.68     405.00
110.327     739.10     734.68     405.00
110.541     739.10     734.68     405.00
110.756     739.10     734.68     405.00
110.971     739.10     734.68     405.00
111.188     739.10     734.68     405.00
111.408     739.10     734.68     405.00
111.625     739.10     734.68     405.00
111.841     739.10     734.68     405.00
112.056     739.10     734.68     405.00
112.272     739.10     734.68     405.00
112.487     739.10     734.68     405.00
112.701     739.10     734.68     405.00
112.917     739.10     734.68     405.00
113.133     739.10     734.68     405.00
113.348     739.10     734.68     405.00
113.563     739.10     734.68     405.00
113.778     739.10     734.68     405.00
113.993     739.10     734.68     405.00
114.209     739.10     734.68     405.00
114.425     739.10     734.68     405.00
114.639     739.10     734.68     405.00
114.854     739.10     734.68     405.00
115.068     739.10     734.68     405.00
115.283     739.10     734.68     405.00
115.498     739.10     734.68     405.00
115.714     739.10     734.68     405.00
115.929     739.10     734.68     405.00
116.144     739.10     734.68     405.00
116.358     739.10     734.68     405.00
116.573     739.10     734.68     405.00
116.790     739.10     734.68     405.00
117.013     739.10     734.68     405.00
117.230     739.10     734.68     405.00
117.447     739.10     734.68     405.00
117.663     739.10     734.68     405.00
117.880     739.10     734.68     405.00
118.096     739.10     734.68     405.00
118.310     739.10     734.68     405.00
118.525     739.10     734.68     405.00
118.740     739.10     734.68     405.00
118.955     739.10     734.68     405.00
119.174     739.10     734.68     405.00
119.399     739.10     734.68     405.00
119.620     739.10     734.68     405.00
119.843     739.10     734.68     405.00
120.059     739.10     734.68     405.00
120.277     739.10     734.68     405.00
120.494     739.10     734.68     405.00
120.710     739.10     734.68     405.00
120.927     739.10     734.68     405.00
121.143     739.10     734.68     405.00
121.358     739.10     734.68     405.00
121.574     739.10     734.67     405.00
121.792     739.10     734.67     405.00
122.010     739.10     734.67     405.00
122.233     739.10     734.68     405.00
122.457     739.10     734.68     405.00
122.675     739.10     734.68     405.00
122.893     739.10     734.68     405.00
123.112     739.10     734.68     405.00
123.333     739.10     734.68     405.00
123.549     739.10     734.68     405.00
123.764     739.10     734.68     405.00
123.979     739.10     734.68     405.00
124.199     739.10     734.68     405.00
124.427     739.10     734.68     405.00
124.651     739.10     734.68     405.00
124.872     739.10     734.68     405.00
125.094     739.10     734.68     405.00
125.311     739.10     734.68     405.00
125.527     739.10     734.68     405.00
125.743     739.10     734.68     405.00
125.959     739.10     734.68     405.00
126.175     739.10     734.68     405.00
126.391     739.10     734.68     405.00
126.607     739.10     734.68     405.00
126.824     739.10     734.68     405.00
127.043     739.10     734.68     405.00
127.264     739.10     734.68     405.00
127.488     739.10     734.68     405.00
127.706     739.10     734.67     405.00
127.923     739.10     734.68     405.00
128.139     739.10     734.68     405.00
128.355     739.10     734.68     405.00
128.571     739.10     734.68     405.00
128.787     739.10     734.68     405.00
129.003     739.10     734.68     405.00
129.218     739.10     734.68     405.00
129.434     739.10     734.68     405.00
129.650     739.10     734.68     405.00
129.866     739.10     734.68     405.00
130.083     739.10     734.68     405.00
130.300     739.10     734.68     405.00
130.518     739.10     734.68     405.00
130.737     739.10     734.68     405.00
130.954     739.10     734.68     405.00
131.169     739.10     734.68     405.00
131.384     739.10     734.68     405.00
131.599     739.10     734.68     405.00
131.814     739.10     734.68     405.00
132.029     739.10     734.67     405.00
132.244     739.10     734.67     405.00
132.462     739.10     734.68     405.00
132.685     739.10     734.68     405.00
132.909     739.10     734.68     405.00
133.131     739.10     734.68     405.00
133.355     739.10     734.68     405.00
133.573     739.10     734.68     405.00
133.790     739.10     734.68     405.00
134.006     739.10     734.68     405.00
134.223     739.10     734.68     405.00
134.439     739.10     734.68     405.00
134.655     739.10     734.68     405.00
134.873     739.10     734.68     405.00
135.096     739.10     734.68     405.00
135.322     739.10     734.68     405.00
135.543     739.10     734.68     405.00
135.760     739.10     734.68     405.00
135.977     739.10     734.68     405.00
136.194     739.10     734.68     405.00
136.411     739.10     734.68     405.00
136.628     739.10     734.68     405.00
136.845     739.10     734.68     405.00
137.062     739.10     734.68     405.00
137.278     739.10     734.68     405.00
137.494     739.10     734.68     405.00
137.713     739.10     734.68     405.00
137.941     739.10     734.68     405.00
138.169     739.10     734.68     405.00
138.392     739.10     734.68     405.00
138.609     739.10     734.68     405.00
138.825     739.10     734.68     405.00
139.042     739.10     734.68     405.00
139.259     739.10     734.68     405.00
139.476     739.10     734.68     405.00
139.692     739.10     734.68     405.00
139.909     739.10     734.68     405.00
140.127     739.10     734.68     405.00
140.345     739.10     734.68     405.00
140.562     739.10     734.68     405.00
140.783     739.10     734.68     405.00
141.008     739.10     734.68     405.00
141.227     739.10     734.68     405.00
141.445     739.10     734.68     405.00
141.663     739.10     734.68     405.00
141.879     739.10     734.68     405.00
142.094     739.10     734.68     405.00
142.309     739.10     734.68     405.00
142.524     739.10     734.68     405.00
142.745     739.10     734.68     405.00
142.969     739.10     734.68     405.00
143.189     739.10     734.68     405.00
143.417     739.10     734.68     405.00
143.643     739.10     734.68     405.00
143.866     739.10     734.68     405.00
144.084     739.10     734.68     405.00
144.301     739.10     734.68     405.00
144.519     739.10     734.68     405.00
144.735     739.10     734.68     405.00
144.952     739.10     734.68     405.00
145.169     739.10     734.67     405.00
145.386     739.10     734.68     405.00
145.602     739.10     734.68     405.00
145.817     739.10     734.68     405.00
146.038     739.10     734.68     405.00
146.262     739.10     734.68     405.00
146.480     739.10     734.68     405.00
146.696     739.10     734.68     405.00
146.912     739.10     734.68     405.00
147.129     739.10     734.68     405.00
147.344     739.10     734.68     405.00
147.560     739.10     734.68     405.00
147.774     739.10     734.68     405.00
147.993     739.10     734.68     405.00
148.216     739.10     734.68     405.00
148.432     739.10     734.68     405.00
148.648     739.10     734.68     405.00
148.865     739.10     734.68     405.00
149.082     739.10     734.68     405.00
149.298     739.10     734.68     405.00
149.515     739.10     734.68     405.00
149.731     739.10     734.68     405.00
149.947     739.10     734.68     405.00
150.162     739.10     734.68     405.00
150.377     739.10     734.68     405.00
150.592     739.10     734.68     405.00
150.806     739.10     734.68     405.00
151.020     739.10     734.68     405.00
151.234     739.10     734.68     405.00
151.449     739.10     734.68     405.00
151.663     739.10     734.68     405.00
151.877     739.10     734.68     405.00
152.092     739.10     734.68     405.00
152.308     739.10     734.68     405.00
152.523     739.10     734.67     405.00
152.737     739.10     734.68     405.00
152.952     739.10     734.68     405.00
153.167     739.10     734.68     405.00
153.386     739.10     734.68     405.00
153.608     739.10     734.68     405.00
153.826     739.10     734.68     405.00
154.042     739.10     734.68     405.00
154.259     739.10     734.68     405.00
154.477     739.10     734.68     405.00
154.694     739.10     734.68     405.00
154.910     739.10     734.68     405.00
155.127     739.10     734.68     405.00
155.343     739.10     734.68     405.00
155.559     739.10     734.68     405.00
155.773     739.10     734.68     405.00
155.989     739.10     734.68     405.00
156.211     739.10     734.68     405.00
156.435     739.10     734.68     405.00
156.652     739.10     734.68     405.00
156.872     739.10     734.68     405.00
157.096     739.10     734.68     405.00
157.318     739.10     734.68     405.00
157.539     739.10     734.68     405.00
157.761     739.10     734.68     405.00
157.984     739.10     734.68     405.00
158.206     739.10     734.68     405.00
158.428     739.10     734.68     405.00
158.647     739.10     734.68     405.00
158.865     739.10     734.68     405.00
159.083     739.10     734.68     405.00
159.298     739.10     734.55     405.00
159.516     739.10     734.45     405.00
159.733     739.10     734.49     405.00
159.949     739.10     734.49     405.00
160.166     739.10     734.45     405.00
160.383     739.10     734.45     405.00
160.603     739.10     734.45     405.00
160.821     739.10     734.45     405.00
161.036     739.10     734.45     405.00
161.251     739.10     734.45     405.00
161.468     739.10     734.45     405.00
161.689     739.10     734.45     405.00
161.904     739.10     734.45     405.00
162.120     739.10     734.45     405.00
162.341     739.10     734.45     405.00
162.567     739.10     734.45     405.00
162.789     739.10     734.45     405.00
163.007     739.10     734.45     405.00
163.224     739.10     734.45     405.00
163.440     739.10     734.45     405.00
163.655     739.10     734.45     405.00
163.870     739.10     734.45     405.00
164.086     739.10     734.45     405.00
164.302     739.10     734.45     405.00
164.525     739.10     734.45     405.00
164.754     739.10     734.45     405.00
164.979     739.10     734.45     405.00
165.199     739.10     734.45     405.00
165.418     739.10     734.45     405.00
165.636     739.10     734.45     405.00
165.854     739.10     734.45     405.00
166.071     739.10     734.45     405.00
166.288     739.10     734.45     405.00
166.504     739.10     734.45     405.00
166.722     739.10     734.45     405.00
166.940     739.10     734.45     405.00
167.161     739.10     734.45     405.00
167.385     739.10     734.45     405.00
167.603     739.10     734.45     405.00
167.820     739.10     734.45     405.00
168.037     739.10     734.45     405.00
168.254     739.10     734.45     405.00
168.471     739.10     734.45     405.00
168.688     739.10     734.45     405.00
168.903     739.10     734.45     405.00
169.118     739.10     734.45     405.00
169.333     739.10     734.45     405.00
169.549     739.10     734.45     405.00
169.766     739.10     734.45     405.00
169.985     739.10     734.68     405.00
170.201     739.10     734.68     405.00
170.418     739.10     734.68     405.00
170.636     739.10     734.68     405.00
170.853     739.10     734.68     405.00
171.070     739.10     734.68     405.00
171.287     739.10     734.68     405.00
171.504     739.10     734.68     405.00
171.721     739.10     734.68     405.00
171.937     739.10     734.68     405.00
172.151     739.10     734.68     405.00
172.367     739.10     734.68     405.00
172.584     739.10     734.68     405.00
172.800     739.10     734.68     405.00
173.017     739.10     734.68     405.00
173.233     739.10     734.68     405.00
173.450     739.10     734.68     405.00
173.665     739.10     734.68     405.00
173.880     739.10     734.68     405.00
174.095     739.10     734.68     405.00
174.309     739.10     734.68     405.00
174.524     739.10     734.68     405.00
174.740     739.10     734.68     405.00
174.957     739.10     734.68     405.00
175.172     739.10     734.68     405.00
175.388     739.10     734.68     405.00
175.605     739.10     734.68     405.00
175.825     739.10     734.68     405.00
176.044     739.10     734.68     405.00
176.261     739.10     734.68     405.00
176.478     739.10     734.68     405.00
176.695     739.10     734.68     405.00
176.909     739.10     734.68     405.00
177.126     739.10     734.68     405.00
177.345     739.10     734.68     405.00
177.568     739.10     734.68     405.00
177.798     739.10     734.68     405.00
178.024     739.10     734.68     405.00
178.242     739.10     734.68     405.00
178.460     739.10     734.68     405.00
178.677     739.10     734.68     405.00
178.895     739.10     734.68     405.00
179.111     739.10     734.68     405.00
179.327     739.10     734.68     405.00
179.544     739.10     734.68     405.00
179.758     739.10     734.68     405.00
179.978     739.10     734.68     405.00
180.201     739.10     734.68     405.00
180.419     739.10     734.68     405.00
180.642     739.10     734.68     405.00
180.865     739.10     734.68     405.00
181.080     739.10     734.68     405.00
181.295     739.10     734.68     405.00
181.510     739.10     734.68     405.00
181.725     739.10     734.68     405.00
181.940     739.10     734.68     405.00
182.156     739.10     734.68     405.00
182.372     739.10     734.68     405.00
182.593     739.10     734.68     405.00
182.821     739.10     734.68     405.00
183.044     739.10     734.68     405.00
183.262     739.10     734.68     405.00
183.483     739.10     734.68     405.00
183.711     739.10     734.68     405.00
183.935     739.10     734.68     405.00
184.152     739.10     734.68     405.00
184.369     739.10     734.68     405.00
184.587     739.10     734.68     405.00
184.805     739.10     734.68     405.00
185.021     739.10     734.68     405.00
185.239     739.10     734.68     405.00
185.462     739.10     734.68     405.00
185.680     739.10     734.68     405.00
185.899     739.10     734.68     405.00
186.117     739.10     734.68     405.00
186.334     739.10     734.68     405.00
186.551     739.10     734.68     405.00
186.767     739.10     734.68     405.00
186.984     739.10     734.68     405.00
187.200     739.10     734.68     405.00
187.416     739.10     734.68     405.00
187.633     739.10     734.68     405.00
187.855     739.10     734.68     405.00
188.079     739.10     734.68     405.00
188.299     739.10     734.68     405.00
188.523     739.10     734.68     405.00
188.741     739.10     734.68     405.00
188.959     739.10     734.68     405.00
189.176     739.10     734.68     405.00
189.392     739.10     734.68     405.00
189.609     739.10     734.68     405.00
189.826     739.10     734.68     405.00
190.043     739.10     734.68     405.00
190.260     739.10     734.68     405.00
190.476     739.10     734.68     405.00
190.692     739.10     734.68     405.00
190.909     739.10     734.68     405.00
191.126     739.10     734.68     405.00
191.343     739.10     734.68     405.00
191.560     739.10     734.68     405.00
191.777     739.10     734.68     405.00
191.993     739.10     734.68     405.00
192.210     739.10     734.68     405.00
192.427     739.10     734.68     405.00
192.642     739.10     734.68     405.00
192.858     739.10     734.68     405.00
193.077     739.10     734.68     405.00
193.304     739.10     734.68     405.00
193.532     739.10     734.68     405.00
193.755     739.10     734.68     405.00
193.976     739.10     734.68     405.00
194.199     739.10     734.68     405.00
194.418     739.10     734.68     405.00
194.636     739.10     734.68     405.00
194.853     739.10     734.68     405.00
195.070     739.10     734.68     405.00
195.288     739.10     734.68     405.00
195.506     739.10     734.68     405.00
195.722     739.10     734.68     405.00
195.939     739.10     734.68     405.00
196.156     739.10     734.68     405.00
196.374     739.10     734.68     405.00
196.593     739.10     734.68     405.00
196.812     739.10     734.68     405.00
197.030     739.10     734.68     405.00
197.247     739.10     734.68     405.00
197.465     739.10     734.68     405.00
197.685     739.10     734.68     405.00
197.904     739.10     734.68     405.00
198.122     739.10     734.68     405.00
198.341     739.10     734.68     405.00
198.558     739.10     734.68     405.00
198.780     739.10     734.68     405.00
199.004     739.10     734.68     405.00
199.226     739.10     734.68     405.00
199.450     739.10     734.68     405.00
199.667     739.10     734.68     405.00
199.884     739.10     734.68     405.00
200.100     739.10     734.68     405.00
200.315     739.10     734.68     405.00
200.531     739.10     734.68     405.00
200.746     739.10     734.68     405.00
200.961     739.10     734.68     405.00
201.183     739.10     734.68     405.00
201.407     739.10     734.68     405.00
201.624     739.10     734.68     405.00
201.841     739.10     734.68     405.00
202.059     739.10     734.68     405.00
202.276     739.10     734.68     405.00
202.492     739.10     734.68     405.00
202.709     739.10     734.68     405.00
202.926     739.10     734.68     405.00
203.142     739.10     734.68     405.00
203.357     739.10     734.68     405.00
203.573     739.10     734.68     405.00
203.788     739.10     734.68     405.00
204.003     739.10     734.68     405.00
204.222     739.10     734.68     405.00
204.444     739.10     734.68     405.00
204.661     739.10     734.68     405.00
204.879     739.10     734.68     405.00
205.095     739.10     734.68     405.00
205.311     739.10     734.68     405.00
205.528     739.10     734.68     405.00
205.745     739.10     734.68     405.00
205.961     739.10     734.68     405.00
206.177     739.10     734.68     405.00
206.397     739.10     734.68     405.00
206.620     739.10     734.68     405.00
206.841     739.10     734.68     405.00
207.069     739.10     734.68     405.00
207.294     739.10     734.68     405.00
207.511     739.10     734.68     405.00
207.729     739.10     734.68     405.00
207.947     739.10     734.68     405.00
208.164     739.10     734.68     405.00
208.383     739.10     734.68     405.00
208.600     739.10     734.68     405.00
208.817     739.10     734.68     405.00
209.034     739.10     734.68     405.00
209.251     739.10     734.67     405.00
209.467     739.10     734.68     405.00
209.684     739.10     734.68     405.00
209.902     739.10     734.68     405.00
210.119     739.10     734.68     405.00
210.335     739.10     734.68     405.00
210.553     739.10     734.68     405.00
210.770     739.10     734.68     405.00
210.986     739.10     734.68     405.00
211.203     739.10     734.68     405.00
211.417     739.10     734.68     405.00
211.633     739.10     734.68     405.00
211.849     739.10     734.68     405.00
212.066     739.10     734.68     405.00
212.287     739.10     734.68     405.00
212.509     739.10     734.68     405.00
212.727     739.10     734.68     405.00
212.944     739.10     734.68     405.00
213.160     739.10     734.68     405.00
213.377     739.10     734.68     405.00
213.594     739.10     734.68     405.00
213.811     739.10     734.68     405.00
214.026     739.10     734.68     405.00
214.242     739.10     734.68     405.00
214.458     739.10     734.68     405.00
214.674     739.10     734.68     405.00
214.889     739.10     734.68     405.00
215.105     739.10     734.68     405.00
215.321     739.10     734.68     405.00
215.537     739.10     734.68     405.00
215.753     739.10     734.68     405.00
215.967     739.10     734.68     405.00
216.181     739.10     734.68     405.00
216.397     739.10     734.68     405.00
216.612     739.10     734.68     405.00
216.827     739.10     734.68     405.00
217.047     739.10     734.68     405.00
217.274     739.10     734.68     405.00
217.494     739.10     734.68     405.00
217.713     739.10     734.68     405.00
217.934     739.10     734.68     405.00
218.157     739.10     734.68     405.00
218.374     739.10     734.68     405.00
218.591     739.10     734.68     405.00
218.806     739.10     734.68     405.00
219.021     739.10     734.68     405.00
219.237     739.10     734.68     405.00
219.452     739.10     734.68     405.00
219.666     739.10     734.68     405.00
219.881     739.10     734.68     405.00
220.097     739.10     734.68     405.00
220.317     739.10     734.68     405.00
220.543     739.10     734.68     405.00
220.762     739.10     734.68     405.00
220.979     739.10     734.68     405.00
221.196     739.10     734.68     405.00
221.414     739.10     734.68     405.00
221.632     739.10     734.68     405.00
221.848     739.10     734.68     405.00
222.065     739.10     734.68     405.00
222.281     739.10     734.68     405.00
222.498     739.10     734.68     405.00
222.715     739.10     734.55     405.00
222.931     739.10     734.46     405.00
223.148     739.10     734.49     405.00
223.368     739.10     734.48     405.00
223.592     739.10     734.45     405.00
223.809     739.10     734.45     405.00
224.026     739.10     734.45     405.00
224.242     739.10     734.45     405.00
224.459     739.10     734.45     405.00
224.675     739.10     734.45     405.00
224.890     739.10     734.45     405.00
225.105     739.10     734.45     405.00
225.320     739.10     734.45     405.00
225.536     739.10     734.45     405.00
225.754     739.10     734.45     405.00
225.976     739.10     734.45     405.00
226.200     739.10     734.45     405.00
226.418     739.10     734.45     405.00
226.635     739.10     734.45     405.00
226.852     739.10     734.45     405.00
227.068     739.10     734.45     405.00
227.285     739.10     734.45     405.00
227.503     739.10     734.45     405.00
227.718     739.10     734.45     405.00
227.935     739.10     734.45     405.00
228.158     739.10     734.45     405.00
228.383     739.10     734.45     405.00
228.604     739.10     734.45     405.00
228.826     739.10     734.45     405.00
229.043     739.10     734.45     405.00
229.261     739.10     734.45     405.00
229.477     739.10     734.45     405.00
229.694     739.10     734.45     405.00
229.910     739.10     734.45     405.00
230.125     739.10     734.45     405.00
230.341     739.10     734.45     405.00
230.557     739.10     734.45     405.00
230.779     739.10     734.45     405.00
231.002     739.10     734.45     405.00
231.218     739.10     734.45     405.00
231.439     739.10     734.45     405.00
231.663     739.10     734.45     405.00
231.881     739.10     734.45     405.00
232.097     739.10     734.45     405.00
232.314     739.10     734.45     405.00
232.530     739.10     734.45     405.00
232.745     739.10     734.45     405.00
232.959     739.10     734.45     405.00
233.174     739.10     734.68     405.00
233.390     739.10     734.68     405.00
233.607     739.10     734.68     405.00
233.826     739.10     734.68     405.00
234.044     739.10     734.68     405.00
234.262     739.10     734.68     405.00
234.479     739.10     734.68     405.00
234.695     739.10     734.68     405.00
234.912     739.10     734.68     405.00
235.128     739.10     734.68     405.00
235.344     739.10     734.68     405.00
235.559     739.10     734.68     405.00
235.774     739.10     734.68     405.00
235.990     739.10     734.68     405.00
236.208     739.10     734.67     405.00
236.426     739.10     734.68     405.00
236.644     739.10     734.68     405.00
236.866     739.10     734.68     405.00
237.090     739.10     734.68     405.00
237.308     739.10     734.68     405.00
237.525     739.10     734.68     405.00
237.742     739.10     734.68     405.00
237.959     739.10     734.68     405.00
238.175     739.10     734.68     405.00
238.390     739.10     734.68     405.00
238.605     739.10     734.68     405.00
238.820     739.10     734.68     405.00
239.039     739.10     734.68     405.00
239.266     739.10     734.68     405.00
239.487     739.10     734.68     405.00
239.703     739.10     734.68     405.00
239.918     739.10     734.68     405.00
240.132     739.10     734.68     405.00
240.346     739.10     734.68     405.00
240.561     739.10     734.68     405.00
240.775     739.10     734.68     405.00
240.989     739.10     734.68     405.00
241.203     739.10     734.68     405.00
241.423     739.10     734.68     405.00
241.647     739.10     734.68     405.00
241.864     739.10     734.68     405.00
242.081     739.10     734.68     405.00
242.299     739.10     734.68     405.00
242.517     739.10     734.68     405.00
242.734     739.10     734.68     405.00
242.951     739.10     734.68     405.00
243.169     739.10     734.68     405.00
243.387     739.10     734.68     405.00
243.603     739.10     734.68     405.00
243.820     739.10     734.68     405.00
244.036     739.10     734.68     405.00
244.252     739.10     734.68     405.00
244.470     739.10     734.68     405.00
244.687     739.10     734.68     405.00
244.904     739.10     734.68     405.00
245.121     739.10     734.68     405.00
245.338     739.10     734.68     405.00
245.555     739.10     734.68     405.00
245.770     739.10     734.68     405.00
245.986     739.10     734.68     405.00
246.201     739.10     734.68     405.00
246.417     739.10     734.68     405.00
246.632     739.10     734.68     405.00
246.847     739.10     734.68     405.00
247.063     739.10     734.68     405.00
247.283     739.10     734.68     405.00
247.507     739.10     734.68     405.00
247.725     739.10     734.68     405.00
247.943     739.10     734.68     405.00
248.159     739.10     734.68     405.00
248.375     739.10     734.68     405.00
248.591     739.10     734.68     405.00
248.807     739.10     734.68     405.00
249.024     739.10     734.68     405.00
249.242     739.10     734.68     405.00
249.459     739.10     734.67     405.00
249.676     739.10     734.67     405.00
249.893     739.10     734.67     405.00
250.110     739.10     734.68     405.00
250.327     739.10     734.68     405.00
250.544     739.10     734.68     405.00
250.760     739.10     734.68     405.00
250.975     739.10     734.68     405.00
251.189     739.10     734.68     405.00
251.404     739.10     734.68     405.00
251.619     739.10     734.68     405.00
251.834     739.10     734.68     405.00
252.049     739.10     734.68     405.00
252.266     739.10     734.68     405.00
252.482     739.10     734.68     405.00
252.698     739.10     734.68     405.00
252.914     739.10     734.68     405.00
253.130     739.10     734.68     405.00
253.345     739.10     734.68     405.00
253.564     739.10     734.68     405.00
253.784     739.10     734.68     405.00
253.999     739.10     734.68     405.00
254.213     739.10     734.68     405.00
254.428     739.10     734.68     405.00
254.643     739.10     734.68     405.00
254.860     739.10     734.68     405.00
255.077     739.10     734.68     405.00
255.294     739.10     734.68     405.00
255.510     739.10     734.68     405.00
255.727     739.10     734.68     405.00
255.942     739.10     734.68     405.00
256.157     739.10     734.68     405.00
256.373     739.10     734.68     405.00
256.588     739.10     734.68     405.00
256.803     739.10     734.68     405.00
257.018     739.10     734.68     405.00
257.233     739.10     734.68     405.00
257.449     739.10     734.68     405.00
257.664     739.10     734.68     405.00
257.878     739.10     734.68     405.00
258.093     739.10     734.68     405.00
258.315     739.10     734.68     405.00
258.540     739.10     734.68     405.00
258.757     739.10     734.68     405.00
258.975     739.10     734.68     405.00
259.191     739.10     734.68     405.00
259.408     739.10     734.68     405.00
259.625     739.10     734.68     405.00
259.841     739.10     734.68     405.00
260.056     739.10     734.68     405.00
260.270     739.10     734.68     405.00
260.485     739.10     734.68     405.00
260.700     739.10     734.68     405.00
260.914     739.10     734.68     405.00
261.130     739.10     734.68     405.00
261.345     739.10     734.68     405.00
261.560     739.10     734.68     405.00
261.775     739.10     734.68     405.00
261.989     739.10     734.68     405.00
262.204     739.10     734.68     405.00
262.420     739.10     734.68     405.00
262.635     739.10     734.68     405.00
262.852     739.10     734.68     405.00
263.073     739.10     734.68     405.00
263.297     739.10     734.68     405.00
263.518     739.10     734.68     405.00
263.737     739.10     734.68     405.00
263.953     739.10     734.68     405.00
264.170     739.10     734.68     405.00
264.387     739.10     734.68     405.00
264.604     739.10     734.68     405.00
264.820     739.10     734.68     405.00
265.035     739.10     734.68     405.00
265.250     739.10     734.68     405.00
265.465     739.10     734.68     405.00
265.681     739.10     734.68     405.00
265.898     739.10     734.68     405.00
266.117     739.10     734.68     405.00
266.335     739.10     734.68     405.00
266.552     739.10     734.68     405.00
266.769     739.10     734.68     405.00
266.986     739.10     734.68     405.00
267.202     739.10     734.68     405.00
267.418     739.10     734.68     405.00
267.634     739.10     734.68     405.00
267.849     739.10     734.68     405.00
268.062     739.10     734.68     405.00
268.277     739.10     734.68     405.00
268.497     739.10     734.68     405.00
268.726     739.10     734.67     405.00
268.950     739.10     734.68     405.00
269.168     739.10     734.68     405.00
269.385     739.10     734.68     405.00
269.602     739.10     734.68     405.00
269.817     739.10     734.68     405.00
270.032     739.10     734.68     405.00
270.248     739.10     734.68     405.00
270.462     739.10     734.68     405.00
270.678     739.10     734.68     405.00
270.897     739.10     734.68     405.00
271.115     739.10     734.68     405.00
271.337     739.10     734.68     405.00
271.561     739.10     734.68     405.00
271.777     739.10     734.68     405.00
271.991     739.10     734.68     405.00
272.206     739.10     734.68     405.00
272.421     739.10     734.68     405.00
272.637     739.10     734.68     405.00
272.853     739.10     734.68     405.00
273.068     739.10     734.68     405.00
273.282     739.10     734.68     405.00
273.497     739.10     734.68     405.00
273.714     739.10     734.68     405.00
273.932     739.10     734.67     405.00
274.149     739.10     734.68     405.00
274.366     739.10     734.68     405.00
274.581     739.10     734.68     405.00
274.797     739.10     734.68     405.00
275.012     739.10     734.68     405.00
275.227     739.10     734.68     405.00
275.442     739.10     734.68     405.00
275.657     739.10     734.68     405.00
275.873     739.10     734.68     405.00
276.089     739.10     734.68     405.00
276.304     739.10     734.68     405.00
276.523     739.10     734.68     405.00
276.745     739.10     734.68     405.00
276.966     739.10     734.68     405.00
277.182     739.10     734.68     405.00
277.399     739.10     734.68     405.00
277.615     739.10     734.68     405.00
277.832     739.10     734.68     405.00
278.047     739.10     734.68     405.00
278.263     739.10     734.68     405.00
278.479     739.10     734.67     405.00
278.695     739.10     734.68     405.00
278.909     739.10     734.68     405.00
279.125     739.10     734.68     405.00
279.342     739.10     734.68     405.00
279.559     739.10     734.68     405.00
279.777     739.10     734.68     405.00
279.994     739.10     734.68     405.00
280.211     739.10     734.68     405.00
280.427     739.10     734.68     405.00
280.643     739.10     734.68     405.00
280.858     739.10     734.68     405.00
281.073     739.10     734.68     405.00
281.288     739.10     734.68     405.00
281.503     739.10     734.68     405.00
281.719     739.10     734.68     405.00
281.939     739.10     734.68     405.00
282.162     739.10     734.68     405.00
282.379     739.10     734.68     405.00
282.595     739.10     734.68     405.00
282.811     739.10     734.68     405.00
283.026     739.10     734.68     405.00
283.240     739.10     734.68     405.00
283.454     739.10     734.68     405.00
283.668     739.10     734.68     405.00
283.883     739.10     734.68     405.00
284.098     739.10     734.68     405.00
284.314     739.10     734.68     405.00
284.535     739.10     734.68     405.00
284.759     739.10     734.67     405.00
284.977     739.10     734.68     405.00
285.194     739.10     734.68     405.00
285.411     739.10     734.68     405.00
285.627     739.10     734.68     405.00
285.843     739.10     734.68     405.00
286.059     739.10     734.55     405.00
286.275     739.10     734.45     405.00
286.490     739.10     734.49     405.00
286.706     739.10     734.48     405.00
286.922     739.10     734.45     405.00
287.137     739.10     734.45     405.00
287.355     739.10     734.45     405.00
287.572     739.10     734.45     405.00
287.787     739.10     734.45     405.00
288.002     739.10     734.45     405.00
288.218     739.10     734.45     405.00
288.433     739.10     734.45     405.00
288.647     739.10     734.45     405.00
288.862     739.10     734.45     405.00
289.077     739.10     734.45     405.00
289.293     739.10     734.45     405.00
289.509     739.10     734.45     405.00
289.724     739.10     734.45     405.00
289.939     739.10     734.45     405.00
290.155     739.10     734.45     405.00
290.370     739.10     734.45     405.00
290.585     739.10     734.45     405.00
290.801     739.10     734.45     405.00
291.016     739.10     734.45     405.00
291.231     739.10     734.45     405.00
291.446     739.10     734.45     405.00
291.661     739.10     734.45     405.00
291.875     739.10     734.45     405.00
292.089     739.10     734.45     405.00
292.304     739.10     734.45     405.00
292.519     739.10     734.45     405.00
292.734     739.10     734.45     405.00
292.949     739.10     734.45     405.00
293.165     739.10     734.45     405.00
293.380     739.10     734.45     405.00
293.594     739.10     734.45     405.00
293.809     739.10     734.45     405.00
294.024     739.10     734.45     405.00
294.239     739.10     734.45     405.00
294.455     739.10     734.45     405.00
294.671     739.10     734.45     405.00
294.887     739.10     734.45     405.00
295.106     739.10     734.45     405.00
295.324     739.10     734.45     405.00
295.547     739.10     734.45     405.00
295.770     739.10     734.45     405.00
295.987     739.10     734.45     405.00
296.204     739.10     734.45     405.00
296.421     739.10     734.45     405.00
296.637     739.10     734.55     405.00
296.853     739.10     734.68     405.00
297.067     739.10     734.68     405.00
297.282     739.10     734.68     405.00
297.497     739.10     734.68     405.00
297.712     739.10     734.68     405.00
297.927     739.10     734.68     405.00
298.145     739.10     734.68     405.00
298.363     739.10     734.68     405.00
298.581     739.10     734.68     405.00
298.799     739.10     734.68     405.00
299.015     739.10     734.68     405.00
299.232     739.10     734.68     405.00
299.449     739.10     734.67     405.00
299.665     739.10     734.68     405.00
299.880     739.10     734.68     405.00
300.096     739.10     734.68     405.00
300.314     739.10     734.68     405.00
300.532     739.10     734.68     405.00
300.750     739.10     734.68     405.00
300.967     739.10     734.68     405.00
301.183     739.10     734.68     405.00
301.400     739.10     734.68     405.00
301.617     739.10     734.68     405.00
301.833     739.10     734.68     405.00
302.050     739.10     734.68     405.00
302.266     739.10     734.68     405.00
302.481     739.10     734.68     405.00
302.697     739.10     734.68     405.00
302.911     739.10     734.68     405.00
303.126     739.10     734.68     405.00
303.341     739.10     734.68     405.00
303.557     739.10     734.68     405.00
303.776     739.10     734.68     405.00
303.994     739.10     734.68     405.00
304.211     739.10     734.68     405.00
304.428     739.10     734.68     405.00
304.645     739.10     734.68     405.00
304.862     739.10     734.68     405.00
305.079     739.10     734.68     405.00
305.297     739.10     734.67     405.00
305.514     739.10     734.68     405.00
305.734     739.10     734.68     405.00
305.958     739.10     734.67     405.00
306.175     739.10     734.68     405.00
306.390     739.10     734.68     405.00
306.606     739.10     734.68     405.00
306.823     739.10     734.68     405.00
307.039     739.10     734.68     405.00
307.255     739.10     734.68     405.00
307.470     739.10     734.68     405.00
307.687     739.10     734.68     405.00
307.904     739.10     734.68     405.00
308.119     739.10     734.68     405.00
308.335     739.10     734.68     405.00
308.551     739.10     734.68     405.00
308.768     739.10     734.68     405.00
308.985     739.10     734.68     405.00
309.201     739.10     734.68     405.00
309.419     739.10     734.68     405.00
309.636     739.10     734.68     405.00
309.853     739.10     734.68     405.00
310.069     739.10     734.68     405.00
310.284     739.10     734.68     405.00
310.499     739.10     734.68     405.00
310.713     739.10     734.68     405.00
310.933     739.10     734.68     405.00
311.162     739.10     734.68     405.00
311.386     739.10     734.68     405.00
311.602     739.10     734.68     405.00
311.819     739.10     734.68     405.00
312.036     739.10     734.68     405.00
312.252     739.10     734.68     405.00
312.469     739.10     734.68     405.00
312.686     739.10     734.68     405.00
312.903     739.10     734.68     405.00
313.119     739.10     734.68     405.00
313.334     739.10     734.68     405.00
313.549     739.10     734.68     405.00
313.766     739.10     734.68     405.00
313.982     739.10     734.68     405.00
314.198     739.10     734.68     405.00
314.413     739.10     734.68     405.00
314.629     739.10     734.68     405.00
314.845     739.10     734.68     405.00
315.060     739.10     734.68     405.00
315.275     739.10     734.68     405.00
315.490     739.10     734.68     405.00
315.706     739.10     734.68     405.00
315.921     739.10     734.68     405.00
316.138     739.10     734.67     405.00
316.356     739.10     734.68     405.00
316.574     739.10     734.68     405.00
316.792     739.10     734.68     405.00
317.008     739.10     734.68     405.00
317.226     739.10     734.68     405.00
317.443     739.10     734.68     405.00
317.659     739.10     734.68     405.00
317.875     739.10     734.68     405.00
318.091     739.10     734.68     405.00
318.307     739.10     734.68     405.00
318.524     739.10     734.68     405.00
318.745     739.10     734.68     405.00
318.969     739.10     734.68     405.00
319.186     739.10     734.68     405.00
319.404     739.10     734.68     405.00
319.621     739.10     734.68     405.00
319.838     739.10     734.68     405.00
320.054     739.10     734.68     405.00
320.272     739.10     734.68     405.00
320.488     739.10     734.68     405.00
320.705     739.10     734.68     405.00
320.921     739.10     734.68     405.00
321.138     739.10     734.68     405.00
321.356     739.10     734.68     405.00
321.572     739.10     734.68     405.00
321.792     739.10     734.68     405.00
322.019     739.10     734.67     405.00
322.247     739.10     734.68     405.00
322.470     739.10     734.68     405.00
322.686     739.10     734.68     405.00
322.902     739.10     734.68     405.00
323.118     739.10     734.68     405.00
323.333     739.10     734.68     405.00
323.549     739.10     734.68     405.00
323.765     739.10     734.68     405.00
323.980     739.10     734.68     405.00
324.194     739.10     734.68     405.00
324.413     739.10     734.67     405.00
324.638     739.10     734.68     405.00
324.856     739.10     734.68     405.00
325.074     739.10     734.68     405.00
325.291     739.10     734.68     405.00
325.508     739.10     734.68     405.00
325.724     739.10     734.68     405.00
325.941     739.10     734.68     405.00
326.156     739.10     734.68     405.00
326.371     739.10     734.68     405.00
326.587     739.10     734.68     405.00
326.805     739.10     734.68     405.00
327.022     739.10     734.68     405.00
327.244     739.10     734.68     405.00
327.468     739.10     734.68     405.00
327.687     739.10     734.68     405.00
327.904     739.10     734.68     405.00
328.121     739.10     734.68     405.00
328.338     739.10     734.68     405.00
328.555     739.10     734.68     405.00
328.771     739.10     734.68     405.00
328.987     739.10     734.68     405.00
329.202     739.10     734.68     405.00
329.417     739.10     734.68     405.00
329.634     739.10     734.68     405.00
329.855     739.10     734.68     405.00
330.083     739.10     734.68     405.00
330.308     739.10     734.68     405.00
330.525     739.10     734.68     405.00
330.742     739.10     734.68     405.00
330.959     739.10     734.68     405.00
331.178     739.10     734.68     405.00
331.395     739.10     734.68     405.00
331.611     739.10     734.68     405.00
331.828     739.10     734.68     405.00
332.043     739.10     734.68     405.00
332.259     739.10     734.67     405.00
332.484     739.10     734.68     405.00
332.706     739.10     734.68     405.00
332.923     739.10     734.68     405.00
333.141     739.10     734.68     405.00
333.357     739.10     734.68     405.00
333.574     739.10     734.68     405.00
333.792     739.10     734.68     405.00
334.009     739.10     734.68     405.00
334.226     739.10     734.68     405.00
334.441     739.10     734.68     405.00
334.656     739.10     734.68     405.00
334.870     739.10     734.68     405.00
335.085     739.10     734.68     405.00
335.299     739.10     734.68     405.00
335.514     739.10     734.68     405.00
335.729     739.10     734.68     405.00
335.945     739.10     734.68     405.00
336.160     739.10     734.68     405.00
336.375     739.10     734.68     405.00
336.590     739.10     734.68     405.00
336.805     739.10     734.68     405.00
337.022     739.10     734.68     405.00
337.238     739.10     734.68     405.00
337.453     739.10     734.68     405.00
337.672     739.10     734.68     405.00
337.900     739.10     734.68     405.00
338.124     739.10     734.68     405.00
338.341     739.10     734.68     405.00
338.559     739.10     734.68     405.00
338.776     739.10     734.68     405.00
338.992     739.10     734.68     405.00
339.209     739.10     734.68     405.00
339.426     739.10     734.68     405.00
339.642     739.10     734.68     405.00
339.857     739.10     734.68     405.00
340.072     739.10     734.68     405.00
340.291     739.10     734.68     405.00
340.515     739.10     734.68     405.00
340.732     739.10     734.68     405.00
340.950     739.10     734.68     405.00
341.167     739.10     734.68     405.00
341.384     739.10     734.68     405.00
341.601     739.10     734.68     405.00
341.817     739.10     734.68     405.00
342.034     739.10     734.68     405.00
342.251     739.10     734.68     405.00
342.468     739.10     734.67     405.00
342.683     739.10     734.68     405.00
342.899     739.10     734.68     405.00
343.116     739.10     734.68     405.00
343.333     739.10     734.68     405.00
343.550     739.10     734.68     405.00
343.766     739.10     734.68     405.00
343.983     739.10     734.68     405.00
344.199     739.10     734.68     405.00
344.414     739.10     734.68     405.00
344.629     739.10     734.68     405.00
344.844     739.10     734.68     405.00
345.059     739.10     734.68     405.00
345.273     739.10     734.68     405.00
345.486     739.10     734.68     405.00
345.702     739.10     734.68     405.00
345.924     739.10     734.68     405.00
346.147     739.10     734.68     405.00
346.365     739.10     734.68     405.00
346.583     739.10     734.68     405.00
346.801     739.10     734.68     405.00
347.019     739.10     734.68     405.00
347.237     739.10     734.68     405.00
347.454     739.10     734.68     405.00
347.671     739.10     734.68     405.00
347.893     739.10     734.68     405.00
348.116     739.10     734.68     405.00
348.331     739.10     734.68     405.00
348.548     739.10     734.68     405.00
348.765     739.10     734.68     405.00
348.980     739.10     734.67     405.00
349.194     739.10     734.68     405.00
349.409     739.10     734.55     405.00
349.626     739.10     734.45     405.00
349.842     739.10     734.49     405.00
350.057     739.10     734.49     405.00
350.273     739.10     734.46     405.00
350.489     739.10     734.45     405.00
350.709     739.10     734.45     405.00
350.936     739.10     734.45     405.00
351.165     739.10     734.45     405.00
351.389     739.10     734.45     405.00
351.607     739.10     734.45     405.00
351.826     739.10     734.45     405.00
352.042     739.10     734.45     405.00
352.257     739.10     734.45     405.00
352.472     739.10     734.45     405.00
352.688     739.10     734.45     405.00
352.903     739.10     734.45     405.00
353.122     739.10     734.45     405.00
353.348     739.10     734.45     405.00
353.569     739.10     734.45     405.00
353.786     739.10     734.45     405.00
354.006     739.10     734.45     405.00
354.228     739.10     734.45     405.00
354.444     739.10     734.45     405.00
354.661     739.10     734.45     405.00
354.877     739.10     734.45     405.00
355.095     739.10     734.45     405.00
355.311     739.10     734.45     405.00
355.526     739.10     734.45     405.00
355.741     739.10     734.45     405.00
355.956     739.10     734.45     405.00
356.172     739.10     734.45     405.00
356.389     739.10     734.45     405.00
356.604     739.10     734.45     405.00
356.820     739.10     734.45     405.00
357.038     739.10     734.45     405.00
357.256     739.10     734.45     405.00
357.477     739.10     734.45     405.00
357.697     739.10     734.45     405.00
357.914     739.10     734.45     405.00
358.131     739.10     734.45     405.00
358.347     739.10     734.45     405.00
358.564     739.10     734.45     405.00
358.780     739.10     734.45     405.00
358.995     739.10     734.45     405.00
359.210     739.10     734.45     405.00
359.425     739.10     734.45     405.00
359.640     739.10     734.45     405.00
359.856     739.10     734.50     405.00
360.071     739.10     734.68     405.00
360.285     739.10     734.68     405.00
360.501     739.10     734.68     405.00
360.717     739.10     734.68     405.00
360.933     739.10     734.68     405.00
361.154     739.10     734.67     405.00
361.379     739.10     734.67     405.00
361.598     739.10     734.68     405.00
361.822     739.10     734.67     405.00
362.045     739.10     734.67     405.00
362.263     739.10     734.68     405.00
362.480     739.10     734.68     405.00
362.697     739.10     734.68     405.00
362.913     739.10     734.68     405.00
363.128     739.10     734.68     405.00
363.343     739.10     734.68     405.00
363.558     739.10     734.68     405.00
363.773     739.10     734.68     405.00
363.989     739.10     734.68     405.00
364.208     739.10     734.68     405.00
364.431     739.10     734.68     405.00
364.646     739.10     734.68     405.00
364.866     739.10     734.68     405.00
365.090     739.10     734.68     405.00
365.307     739.10     734.68     405.00
365.526     739.10     734.68     405.00
365.744     739.10     734.68     405.00
365.962     739.10     734.68     405.00
366.179     739.10     734.68     405.00
366.395     739.10     734.68     405.00
366.615     739.10     734.68     405.00
366.840     739.10     734.68     405.00
367.064     739.10     734.68     405.00
367.289     739.10     734.68     405.00
367.516     739.10     734.68     405.00
367.740     739.10     734.68     405.00
367.957     739.10     734.68     405.00
368.173     739.10     734.68     405.00
368.389     739.10     734.68     405.00
368.606     739.10     734.68     405.00
368.821     739.10     734.68     405.00
369.036     739.10     734.68     405.00
369.257     739.10     734.68     405.00
369.480     739.10     734.68     405.00
369.701     739.10     734.68     405.00
369.925     739.10     734.68     405.00
370.142     739.10     734.68     405.00
370.359     739.10     734.68     405.00
370.576     739.10     734.68     405.00
370.793     739.10     734.68     405.00
371.010     739.10     734.68     405.00
371.226     739.10     734.68     405.00
371.441     739.10     734.68     405.00
371.657     739.10     734.68     405.00
371.872     739.10     734.68     405.00
372.088     739.10     734.68     405.00
372.308     739.10     734.68     405.00
372.528     739.10     734.68     405.00
372.745     739.10     734.68     405.00
372.962     739.10     734.68     405.00
373.179     739.10     734.68     405.00
373.395     739.10     734.68     405.00
373.612     739.10     734.68     405.00
373.829     739.10     734.68     405.00
374.046     739.10     734.68     405.00
374.262     739.10     734.68     405.00
374.483     739.10     734.68     405.00
374.706     739.10     734.68     405.00
374.927     739.10     734.68     405.00
375.153     739.10     734.68     405.00
375.375     739.10     734.68     405.00
375.597     739.10     734.68     405.00
375.814     739.10     734.68     405.00
376.030     739.10     734.68     405.00
376.247     739.10     734.68     405.00
376.463     739.10     734.68     405.00
376.680     739.10     734.68     405.00
376.895     739.10     734.68     405.00
377.110     739.10     734.68     405.00
377.327     739.10     734.68     405.00
377.545     739.10     734.68     405.00
377.767     739.10     734.68     405.00
377.994     739.10     734.68     405.00
378.217     739.10     734.68     405.00
378.436     739.10     734.68     405.00
378.653     739.10     734.68     405.00
378.869     739.10     734.68     405.00
379.086     739.10     734.68     405.00
379.302     739.10     734.68     405.00
379.519     739.10     734.68     405.00
379.737     739.10     734.68     405.00
379.954     739.10     734.68     405.00
380.171     739.10     734.68     405.00
380.387     739.10     734.68     405.00
380.603     739.10     734.68     405.00
380.818     739.10     734.68     405.00
381.034     739.10     734.68     405.00
381.248     739.10     734.68     405.00
381.463     739.10     734.68     405.00
381.681     739.10     734.68     405.00
381.902     739.10     734.68     405.00
382.117     739.10     734.68     405.00
382.330     739.10     734.68     405.00
382.548     739.10     734.68     405.00
382.775     739.10     734.68     405.00
382.999     739.10     734.68     405.00
383.217     739.10     734.68     405.00
383.434     739.10     734.68     405.00
383.651     739.10     734.68     405.00
383.867     739.10     734.68     405.00
384.083     739.10     734.68     405.00
384.298     739.10     734.68     405.00
384.512     739.10     734.68     405.00
384.726     739.10     734.68     405.00
384.946     739.10     734.68     405.00
385.170     739.10     734.68     405.00
385.389     739.10     734.68     405.00
385.606     739.10     734.68     405.00
385.824     739.10     734.68     405.00
386.041     739.10     734.68     405.00
386.257     739.10     734.68     405.00
386.473     739.10     734.68     405.00
386.688     739.10     734.68     405.00
386.903     739.10     734.68     405.00
387.117     739.10     734.68     405.00
387.332     739.10     734.68     405.00
387.546     739.10     734.68     405.00
387.761     739.10     734.68     405.00
387.976     739.10     734.68     405.00
388.191     739.10     734.68     405.00
388.411     739.10     734.68     405.00
388.635     739.10     734.68     405.00
388.851     739.10     734.68     405.00
389.068     739.10     734.68     405.00
389.286     739.10     734.68     405.00
389.502     739.10     734.68     405.00
389.718     739.10     734.68     405.00
389.934     739.10     734.68     405.00
390.149     739.10     734.68     405.00
390.369     739.10     734.68     405.00
390.593     739.10     734.68     405.00
390.810     739.10     734.68     405.00
391.027     739.10     734.68     405.00
391.244     739.10     734.68     405.00
391.466     739.10     734.68     405.00
391.691     739.10     734.68     405.00
391.907     739.10     734.68     405.00
392.125     739.10     734.68     405.00
392.343     739.21     734.75     405.23
392.559     739.21     734.75     405.23
392.775     739.21     734.75     405.23
392.991     663.30     657.57     546.82
ERROR: can't open /proc/2435567/smaps: No such file or directory at ../wss.pl line 226.
